3	791	0,19953	4,15428		4,6684	7,9887		0,2707	5,6591		3105941784679787004
0	760	0,16481	4,28041		3,1039	7,9929		0,2159	5,6184		4004176106241938462
5	859	0,22188	4,67416		4,4016	7,9900		0,2655	5,8334		-2085429409919069575
2	817	0,22739	4,34711		4,2650	8,0881		0,2987	5,7287		-6051588557801808586
1	878	0,20387	4,69043		3,0618	8,0635		0,2496	5,7600		2998024082762838698
6	851	0,24234	4,42023		4,3016	7,9973		0,3071	5,6082		-8866171103818252393
9	824	0,22597	4,31271		5,3946	8,1326		0,2940	5,6311		-1725555456348781315
5	806	0,14623	4,23932		4,9442	8,0660		0,1959	5,6804		-1823289310626678611
5	867	0,23843	4,72592		5,3882	7,9990		0,2946	5,8462		1512331504746084546
4	881	0,26029	4,65295		4,8556	8,0268		0,3183	5,7011		-4123311129811904613
8	845	0,22214	4,49041		5,3107	8,0158		0,2829	5,7287		8878072625490384161
6	860	0,22137	4,59162		4,8558	7,9937		0,2763	5,7425		-198170898562229428
2	829	0,2012	4,42862		4,0631	7,9822		0,2602	5,7374		-7552287999159953587
6	846	0,20484	4,53408		4,3891	7,9857		0,2593	5,7659		911999020018949576
1	852	0,21274	4,58628		3,4981	7,9965		0,2680	5,8000		5848848474407829497
2	840	0,21714	4,37354		5,1763	7,9887		0,2781	5,6166		1128986849019781320
7	888	0,25493	4,72225		4,6519	8,1325		0,3096	5,7411		196499067912668171
1	872	0,28013	4,67026		5,4793	7,9932		0,3457	5,7780		-1260592298817908853
2	849	0,19768	4,50557		3,8834	7,9782		0,2502	5,7196		-5984821251905186673
10	845	0,28597	4,57654		5,1768	8,0379		0,3633	5,8302		-8475054005579150870
5	909	0,2519	4,74761		4,5031	8,1279		0,2976	5,6305		-7513262638870859283
1	451	0,24106	4,72239		3,5809	7,9944		0,2938	5,7715		2048137876956449962
0	864	0,16323	4,54678		3,4368	8,1278		0,2038	5,6834		-7464051932564881826
5	852	0,24664	4,54506		5,0662	8,0203		0,3108	5,7436		2745075476799703825
10	880	0,22465	4,66525		4,1121	8,0175		0,2750	5,7207		-3675692196891393124
3	866	0,19703	4,51903		3,3173	8,1418		0,2451	5,6293		3859075438308576699
11	909	0,30721	4,82673		5,3986	8,1164		0,3637	5,7311		-3516465135866077224
3	822	0,16748	4,25023		3,3725	7,9843		0,2195	5,5824		9101997188535970477
4	798	0,18217	4,10762		4,7808	8,0802		0,2462	5,5569		-2397308144154096143
11	912	0,3332	4,87652		4,7325	8,0915		0,3928	5,7637		1804748466996161194
0	831	0,18853	4,32731		3,8383	7,9959		0,2432	5,5981		-6284151288187699998
19	867	0,31336	4,53362		4,6882	7,9876		0,3863	5,6170		4751956457030954949
9	877	0,30479	4,78238		5,2141	7,9815		0,3732	5,8719		-8264944077489624453
2	786	0,16083	4,13513		6,0793	8,1077		0,2167	5,6496		7383486155964936503
8	861	0,26205	4,53558		4,1696	8,1104		0,3264	5,6825		4265257362806748499
6	869	0,34945	4,63014		4,6369	7,9903		0,4323	5,7406		7447139157203542130
4	830	0,22096	4,44024		3,7806	7,9968		0,2857	5,7574		7349479541197330940
8	882	0,26931	4,68883		4,9152	8,0901		0,3282	5,7366		7879496582922750837
7	866	0,2697	4,60646		4,8787	8,0505		0,3344	5,7203		2556817004727865208
5	871	0,20676	4,72058		3,8845	8,1482		0,2551	5,8497		-4922447874605543326
11	859	0,30965	4,56832		4,9352	7,9908		0,3884	5,7412		2928366998407919340
5	880	0,27041	4,65595		5,2172	8,1461		0,3292	5,6909		6752978305546876493
5	797	0,22862	4,23455		5,2183	7,9955		0,3078	5,7180		-2450255380145417581
8	796	0,20646	4,22706		4,6241	7,9803		0,2780	5,6988		-7238920792985649322
2	900	0,26139	4,74061		3,5038	7,9829		0,3129	5,6771		-2540301714574264331
8	824	0,25324	4,42563		5,3709	8,0875		0,3295	5,7683		2718103492182132729
18	810	0,27031	4,1811		5,2027	8,0252		0,3566	5,5332		6635052056727236951
3	814	0,21411	4,31483		4,7146	7,9993		0,2816	5,6910		-6841354074536786012
7	872	0,29077	4,63459		5,5760	8,0317		0,3586	5,7346		-1059430850529934731
3	874	0,28696	4,68903		5,4689	8,0920		0,3533	5,7914		778983804379956873
9	848	0,21419	4,45159		4,9910	7,9789		0,2705	5,6535		-7953639681231584146
4	817	0,18214	4,26399		4,9950	7,9826		0,2390	5,6090		-7339031466697515851
9	874	0,28492	4,60792		5,7424	7,9987		0,3500	5,6787		5944052869530569983
8	816	0,19394	4,25408		5,1823	7,9774		0,2541	5,5998		-5259161009371476383
4	874	0,24246	4,62554		5,2810	7,9945		0,2985	5,7076		632461477310403827
1	842	0,17218	4,54794		3,8726	7,9986		0,2187	5,8067		2845069868041656712
10	809	0,2277	4,32216		4,0079	8,0432		0,3024	5,7551		-5115382387462909478
3	910	0,28864	4,89484		4,8491	8,0283		0,3425	5,8092		2685062796960286905
0	867	0,17178	4,6023		3,7119	7,9976		0,2120	5,7195		2782687641389479672
5	831	0,21286	4,30808		4,8470	8,0473		0,2740	5,5738		-340881406850293971
0	852	0,13423	4,50229		2,4669	8,2507		0,1699	5,7057		-7591368929316728448
2	832	0,20498	4,48953		4,4458	8,1408		0,2651	5,8168		-7936809304443063780
9	880	0,27894	4,75553		3,9984	7,9796		0,3400	5,8170		-5792295471071513598
7	886	0,27097	4,65767		4,0043	7,9893		0,3291	5,6722		-3665180704053214389
3	828	0,18926	4,2988		4,1227	8,0162		0,2462	5,6062		-1416276591683754719
8	863	0,21097	4,49605		4,6532	8,0373		0,2621	5,6021		6230563327777124585
9	879	0,30977	4,68565		4,2778	7,9835		0,3788	5,7460		5129692001733903752
14	838	0,22407	4,43212		4,3398	8,0240		0,2870	5,7003		-4715701694639255908
5	820	0,18169	4,30169		4,7943	8,0027		0,2375	5,6387		429531804193513757
2	848	0,16476	4,4845		3,5350	7,9896		0,2081	5,6842		7157388776045706197
4	798	0,19498	4,13806		5,5621	7,9901		0,2609	5,5709		1853962556107153271
6	859	0,25793	4,57765		4,5991	7,9881		0,3231	5,7430		1846207379789138795
8	835	0,26857	4,44841		3,8738	7,9878		0,3436	5,7225		-8044117396428421234
5	841	0,23224	4,49333		4,1103	7,9894		0,2961	5,7500		-2777315929479589785
5	866	0,2957	4,54411		4,3544	7,9884		0,3670	5,6521		-7146439952866473295
4	838	0,22805	4,49104		4,2362	7,9933		0,2928	5,7722		730358934474187805
3	895	0,22059	4,70811		4,4774	7,9712		0,2644	5,6627		-4708856340279506244
2	834	0,193	4,4173		4,3148	7,9997		0,2476	5,7098		2598966196617230715
1	851	0,24996	4,48425		3,5062	8,2786		0,3161	5,6752		6168583245422661513
2	788	0,14517	4,10704		4,4462	7,9649		0,1977	5,6183		3409976238312280485
3	839	0,18111	4,41589		3,7160	7,9956		0,2323	5,6756		4290978270422966182
0	827	0,15275	4,37117		2,9688	7,9926		0,1982	5,6922		-3346060563711875648
6	870	0,20119	4,49421		4,5987	8,0779		0,2479	5,5684		-2202004257873383352
9	806	0,24351	4,2262		5,2783	7,9945		0,3234	5,6428		-6151844829573080563
8	854	0,22466	4,48696		4,1778	8,1241		0,2831	5,6661		8384655104684253312
5	851	0,22181	4,53107		5,0204	7,9914		0,2785	5,7233		6248870016062131770
5	889	0,24891	4,66985		4,1742	8,0393		0,2993	5,6389		1251895231303562156
5	848	0,25124	4,45649		4,8363	7,9901		0,3169	5,6479		-7034733833100091660
6	877	0,25756	4,72668		5,8643	7,9935		0,3153	5,7887		7132419931803467567
8	849	0,2496	4,52916		5,1235	8,0040		0,3164	5,7591		-2813495765165019968
1	841	0,21264	4,52117		4,3825	7,9913		0,2704	5,7867		-4247327460377559196
4	849	0,21916	4,46286		3,2574	7,9745		0,2768	5,6671		-1922981338234192885
9	831	0,23252	4,53712		4,9801	7,9973		0,3007	5,8888		6689954988661180367
14	854	0,24279	4,58365		5,5440	8,0924		0,3045	5,7801		1644026886842745471
5	910	0,27565	4,9608		4,7937	7,9859		0,3235	5,8632		6203247170064024213
12	829	0,24914	4,34824		4,0503	7,9857		0,3226	5,6517		3046196404903425431
2	821	0,1832	4,30548		3,8602	7,9787		0,2383	5,6321		-7723730295329180882
0	826	0,18623	4,38316		4,4735	7,9879		0,2414	5,6969		-8642005706787099019
6	846	0,25381	4,49797		4,4107	8,0776		0,3209	5,7017		-3389891742185131944
9	883	0,25568	4,72013		4,3536	7,9994		0,3116	5,7646		7887683751506818802
11	888	0,29699	4,68862		5,3081	7,9971		0,3591	5,6790		-1266331881015719602
5	840	0,21715	4,37325		4,6270	7,9958		0,2762	5,6010		-2809053258388663305
13	856	0,26809	4,5916		5,6106	7,9993		0,3374	5,7875		-1365756711277770183
5	875	0,22362	4,56926		5,3923	8,0105		0,2731	5,6172		8297728997108490506
4	877	0,29097	4,53836		5,1611	7,9880		0,3575	5,5788		8716680215227798502
2	849	0,21035	4,5253		4,1400	8,0067		0,2615	5,7243		-652979839662075605
1	811	0,16553	4,29493		3,7935	8,1578		0,2182	5,6943		-5664383402871932230
9	868	0,27099	4,73527		5,0007	8,0680		0,3360	5,8869		-8230682436271773471
3	858	0,23566	4,6164		4,3877	8,0096		0,2955	5,8031		7584041416909496546
5	856	0,2425	4,55532		4,2086	8,0973		0,3045	5,7421		-160895611992210033
2	868	0,22565	4,61192		4,0759	8,1446		0,2785	5,7107		-568005279309676594
10	857	0,28359	4,59264		4,8404	8,1629		0,3560	5,7843		-5500456873841048053
1	877	0,23096	4,70531		4,1191	8,0227		0,2834	5,7803		-5681612682431851297
3	800	0,23513	4,23778		4,5687	7,9950		0,3162	5,7052		8748537200138119280
12	909	0,33554	4,98409		5,4083	8,0289		0,3964	5,9032		-8157746409581042338
18	903	0,3205	4,82476		5,3605	8,0907		0,3812	5,7567		-2955936507957153485
8	849	0,24144	4,55366		4,2885	8,0210		0,3045	5,7684		7223683738186468784
4	845	0,22137	4,52775		4,0261	7,9927		0,2816	5,7712		-7542594202903040140
2	852	0,25472	4,40043		5,4308	8,0646		0,3213	5,5683		-8785430294312693817
1	848	0,19734	4,49748		4,1669	8,0649		0,2507	5,7271		326243227610526358
7	905	0,30332	4,80955		5,8157	8,1864		0,3584	5,7075		-1074806006299831076
3	825	0,19482	4,18951		5,0495	8,0505		0,2535	5,4695		1675118362947454225
0	849	0,21274	4,49334		3,4949	8,0803		0,2690	5,7089		6879713943020590682
3	842	0,23494	4,40459		3,8399	8,1915		0,2999	5,6397		-1977432142492057466
6	880	0,29697	4,61973		3,8840	8,2539		0,3644	5,6696		-2960175016155274723
10	810	0,22979	4,34128		5,6465	8,1811		0,3033	5,7588		301988203144498963
0	791	0,14217	4,10147		2,9557	7,9787		0,1924	5,5751		3168554334856670683
8	877	0,30421	4,79515		4,9668	7,9856		0,3720	5,8893		-2975857650277945880
23	835	0,3355	4,52073		4,7653	7,9922		0,4303	5,8237		-1727482048697586206
2	840	0,23144	4,55151		3,7919	7,9997		0,2958	5,8416		-9142455048967338726
4	828	0,22879	4,32759		4,4069	8,0067		0,2966	5,6296		6551306330296328963
10	867	0,33512	4,61128		5,0906	7,9819		0,4169	5,7441		622616849942522039
3	865	0,23967	4,61108		4,6655	7,9685		0,2965	5,7377		6401820517002466254
9	881	0,26145	4,70564		4,3958	8,0270		0,3190	5,7596		4533895533101405977
11	837	0,24888	4,50149		5,1102	7,9999		0,3199	5,7939		-1405953302340934402
4	852	0,21674	4,48696		4,1454	8,0953		0,2740	5,6818		-7694617481790896001
4	833	0,17962	4,43201		3,8146	8,0173		0,2314	5,7301		-3129968321056176841
3	898	0,25181	4,76355		4,1782	8,0406		0,2945	5,6907		-8970203453862452263
5	804	0,19983	4,1357		4,8789	7,9961		0,2674	5,5424		-614016008452055058
5	836	0,21211	4,39304		4,3130	8,0219		0,2729	5,6679		-1152506764994958110
5	848	0,24996	4,59038		5,4459	8,0309		0,3153	5,8187		-8071990454262510681
3	841	0,20562	4,55214		3,9210	8,0921		0,2624	5,8215		312434927145009012
4	884	0,23542	4,75888		5,5895	8,0787		0,2860	5,8012		-695911437978523802
7	877	0,2742	4,63128		5,1977	7,9717		0,3342	5,6703		-6944667325384348649
5	790	0,1762	4,22787		3,6672	8,1097		0,2405	5,7777		-2619279037453788321
0	811	0,16553	4,29317		2,7150	8,0914		0,2156	5,6838		4069160211114199514
3	856	0,18631	4,53486		3,6566	8,1605		0,2321	5,7036		1995258803085324527
7	843	0,23276	4,51404		4,2837	7,9995		0,2912	5,7509		-8125097281648799386
7	889	0,30525	4,80975		5,6136	8,1191		0,3687	5,8277		484091790350939599
13	910	0,31007	4,88136		4,5970	7,9916		0,3659	5,7773		3539616295586157903
1	823	0,17012	4,36001		4,0391	8,1051		0,2232	5,7215		193509067523071622
11	866	0,33494	4,5852		4,8471	8,1352		0,4157	5,7111		1016468956987354029
9	824	0,22423	4,24818		4,2742	7,9942		0,2928	5,5571		8930184562901408799
17	814	0,22344	4,25099		4,8800	7,9988		0,2939	5,6214		8740144316347030763
18	855	0,2678	4,4283		4,4918	8,0311		0,3359	5,5764		7784882650081745180
5	861	0,26076	4,55973		5,1832	7,9952		0,3238	5,7039		-1582155163526140962
1	839	0,20469	4,43981		3,0529	7,9919		0,2586	5,6862		-2110563034966290006
7	902	0,28031	4,93335		4,0357	8,1542		0,3326	5,8722		-589796690893632743
10	857	0,24226	4,67993		4,1407	8,0049		0,3035	5,8771		6667092215678728981
7	851	0,23732	4,48147		4,6903	7,9864		0,3011	5,6874		-1137300691879160962
3	853	0,23434	4,5473		4,9502	8,0588		0,2939	5,7259		-5309477624144580995
5	834	0,20161	4,46672		4,5564	8,0628		0,2604	5,7741		5842800947377639448
2	816	0,23517	4,2034		5,5373	8,2772		0,3101	5,5568		-2430854320538776886
1	836	0,17421	4,41104		4,0812	7,9998		0,2226	5,6685		-8816254797496388824
10	817	0,18267	4,39846		5,1672	8,1369		0,2400	5,7989		3851280373007843805
2	838	0,23956	4,4324		5,0346	7,9994		0,3047	5,6794		-3445712792881575811
1	820	0,1816	4,25798		3,5526	8,0795		0,2362	5,5978		-2726912400032922361
16	870	0,32267	4,64386		4,6991	8,0718		0,3969	5,7398		-629755274722133752
9	900	0,28403	4,86868		5,0041	7,9953		0,3381	5,8157		-4263761106631113538
6	826	0,19798	4,39412		3,8898	7,9931		0,2566	5,7185		8157049935670653871
2	834	0,19473	4,31652		3,9718	8,0966		0,2484	5,5707		-346161279357274227
5	886	0,31471	4,77332		5,8008	7,9953		0,3810	5,8021		-7535498938216853663
10	886	0,3352	4,6952		4,2282	7,9953		0,4062	5,7036		-2333176603306255284
9	867	0,27619	4,59174		5,9792	7,9897		0,3428	5,7148		4682843204725324394
2	852	0,15832	4,41948		3,3691	8,0008		0,1999	5,5951		5881395561745279889
10	833	0,23006	4,48879		4,3030	8,0380		0,2972	5,8119		-4804797310261048569
18	863	0,32923	4,6207		5,2917	7,9847		0,4086	5,7594		8698488192570092646
9	863	0,2526	4,51487		4,9530	7,9803		0,3150	5,6288		-1686507725387659971
6	862	0,2395	4,56377		4,7592	8,0590		0,2973	5,7007		8651428498511126587
2	827	0,24501	4,39047		5,2152	8,0713		0,3172	5,7048		4652712052692003302
5	849	0,21799	4,49727		4,5207	8,0455		0,2763	5,7159		4628891335768078878
3	830	0,22426	4,41331		4,9771	8,0218		0,2896	5,7191		-1933911631853149429
7	848	0,19925	4,53089		4,8293	8,0509		0,2517	5,7658		5848609827927102760
8	879	0,26782	4,65967		4,3859	8,0652		0,3268	5,6998		1867741545575080313
6	858	0,24302	4,58043		4,0361	8,0117		0,3037	5,7373		-7434332332934898118
15	890	0,2576	4,74825		4,4693	8,0715		0,3098	5,7383		-6986648979961872498
2	819	0,19981	4,32685		3,8016	7,9964		0,2622	5,6932		1178793952035792105
5	848	0,18599	4,43768		4,0098	8,0099		0,2360	5,6376		7493376110007434579
4	906	0,33768	4,76943		4,0730	8,0171		0,4016	5,6814		2919235969677215670
5	876	0,26366	4,83438		4,6512	7,9978		0,3224	5,9271		5573122160002312655
6	863	0,2978	4,42035		4,9072	8,0457		0,3705	5,5163		2646805614834216834
6	872	0,27645	4,62775		4,6134	7,9963		0,3412	5,7197		3842935171695906202
7	878	0,28458	4,757		5,3714	8,1646		0,3488	5,8429		-2791571555931746752
2	806	0,15847	4,24653		3,9923	7,9932		0,2118	5,6836		6143726445144468144
0	872	0,26165	4,71047		5,7384	8,1624		0,3225	5,8217		-3948347239433612052
5	901	0,27215	4,7121		5,5076	7,9790		0,3223	5,6273		237599590273328519
3	809	0,18532	4,4183		3,6914	7,9933		0,2455	5,8785		-3638468855285640005
11	892	0,34151	4,76215		4,0397	7,9917		0,4116	5,7527		-7002329161368327326
6	835	0,26543	4,35955		4,9192	8,1819		0,3412	5,6318		8174884180735278995
10	868	0,27048	4,59152		5,3858	8,0188		0,3353	5,6965		5441558957418785255
5	824	0,26617	4,34384		5,2244	7,9807		0,3417	5,6567		4990486614058826684
6	844	0,18478	4,41166		4,5858	7,9872		0,2350	5,6300		3093943461444070383
4	804	0,15092	4,10766		3,2495	8,0339		0,1995	5,4838		521028782849113816
10	841	0,21703	4,52948		4,0818	8,0791		0,2770	5,7954		-2310419739896696931
1	822	0,21406	4,35696		3,1430	8,0397		0,2795	5,7086		-5724758903239203824
7	825	0,21811	4,31672		4,7991	7,9971		0,2831	5,6182		1216438157663570353
0	853	0,17914	4,55312		4,1343	8,0787		0,2249	5,7391		-1141915320973004400
0	845	0,19281	4,5105		3,9923	8,0771		0,2446	5,7406		5744228288525642269
6	821	0,16669	4,24516		3,9224	8,0377		0,2184	5,5780		3775509207727636788
4	835	0,28172	4,40335		5,4465	7,9999		0,3617	5,6724		-1469312562205747751
12	876	0,2904	4,73444		5,9646	7,9978		0,3532	5,8022		2303446433614725251
6	807	0,18713	4,07693		4,4382	7,9989		0,2492	5,4464		4430272456260954611
8	809	0,2054	4,33262		4,9910	7,9899		0,2718	5,7521		-5228635174542132261
13	891	0,3168	4,72523		4,6860	8,0411		0,3818	5,7069		-6232673102226359319
3	827	0,22011	4,37668		4,6614	8,0594		0,2853	5,6977		1146448124773165294
3	811	0,18514	4,35251		4,3855	8,1297		0,2441	5,7529		-2184891832023160006
10	891	0,30843	4,84226		4,1321	7,9968		0,3666	5,8293		2595295652733002860
8	845	0,26461	4,47261		4,9987	7,9932		0,3370	5,6998		-6667291187810158534
4	818	0,21641	4,40622		4,5683	8,1497		0,2843	5,8039		5747527292805519105
4	845	0,22518	4,48822		4,6865	8,1652		0,2857	5,7130		-3887170503246728154
7	866	0,2594	4,55177		4,1659	7,9953		0,3209	5,6557		-1344230585789647486
3	840	0,18808	4,44452		5,0133	7,9947		0,2418	5,7143		-2702130030877352329
6	892	0,30712	4,7951		4,5796	8,0372		0,3697	5,8029		-8533897389891071902
6	869	0,24261	4,59107		5,7765	8,0628		0,3008	5,7044		5009388040246166394
5	835	0,21711	4,35123		6,3739	8,0228		0,2804	5,6212		1004066521380415082
9	889	0,28246	4,70504		3,9082	8,0987		0,3416	5,7023		4399885181929271328
1	849	0,18068	4,45502		3,8769	8,0403		0,2295	5,6671		4410885879881821865
7	897	0,27197	4,79649		4,0889	8,1933		0,3245	5,7445		-3323163096678822126
3	850	0,2421	4,41146		4,8634	7,9861		0,3072	5,6012		-6516209055545520728
8	804	0,2146	4,28801		4,4348	8,0278		0,2854	5,7380		-2305492293040307448
5	905	0,27663	4,80365		4,8913	8,0278		0,3286	5,7119		3265199737366440418
7	833	0,19267	4,41666		4,3423	7,9980		0,2480	5,7120		5709705394680074843
11	878	0,29899	4,7279		4,7611	8,2040		0,3652	5,7904		1542333832118506354
6	833	0,17915	4,29727		4,2693	7,9961		0,2317	5,5676		2941257593486047192
6	806	0,24609	4,24434		5,3142	8,2096		0,3281	5,6741		8293836386714596110
3	809	0,2224	4,26553		3,9361	7,9830		0,2935	5,6713		-5548101582837682986
5	865	0,28718	4,508		4,7200	7,9841		0,3560	5,6174		-504579841277840333
2	825	0,20351	4,33631		5,1659	8,0188		0,2654	5,6686		98981439441469578
12	858	0,31068	4,57244		4,5625	7,9585		0,3883	5,7362		8304534773845778081
15	845	0,25272	4,52135		5,5027	7,9993		0,3207	5,7579		8276757149647212697
1	889	0,27255	4,65732		3,9402	8,1242		0,3296	5,6462		-6675183553450306806
9	850	0,22252	4,56444		4,6897	8,1324		0,2817	5,7932		5733457743116482286
11	794	0,22535	4,2608		5,2646	8,0022		0,3017	5,7427		8780435318337019654
5	840	0,20627	4,38471		5,0890	8,1417		0,2636	5,6154		-1864854820577328947
3	844	0,19781	4,45587		4,2558	8,0689		0,2522	5,6889		-2929084934555083703
0	825	0,14905	4,26828		2,6763	7,9996		0,1937	5,5661		1547013047553721128
9	890	0,30319	4,74763		4,5378	7,9969		0,3662	5,7473		-7495203373021032682
19	912	0,39671	4,79745		4,8281	7,9974		0,4677	5,6670		7655446053355724849
3	837	0,22129	4,36303		5,6696	8,0239		0,2838	5,6216		5399246765066106870
542	229	2,7947	6,71995		2,6031	7,8713		0,2175	5,6765		-3396437758318144976
5	870	0,20463	4,5664		4,5267	8,0312		0,2522	5,6477		8756743783869598885
0	812	0,13652	4,25786		3,3483	8,0710		0,1806	5,6427		3283346192478769045
2	869	0,22486	4,67911		3,5776	7,9883		0,2765	5,7787		2680226290877697101
6	844	0,22954	4,49821		4,6353	8,1192		0,2913	5,7336		-1488992501215028143
1	847	0,24943	4,52896		5,4877	8,0757		0,3150	5,7558		5638037096697488118
11	871	0,29647	4,617		4,2942	8,1695		0,3663	5,7207		2411452653299784800
12	870	0,26593	4,62983		5,1532	7,9950		0,3278	5,7298		1093207724324819003
9	851	0,23164	4,48173		4,3480	7,9696		0,2926	5,6845		5638139035800992682
4	848	0,24121	4,54071		4,2059	7,9973		0,3061	5,7727		-8266537639225686719
4	853	0,22957	4,46163		4,0041	8,0731		0,2886	5,6283		-4939878341855592693
2	825	0,25281	4,34838		3,7028	8,0283		0,3289	5,6661		-6937759015684231707
5	849	0,20693	4,57905		3,7024	7,9774		0,2592	5,7896		8666248903466291888
5	791	0,17201	4,09123		5,0305	7,9754		0,2330	5,5743		5656123011553958196
2	810	0,16667	4,1766		3,2962	8,0000		0,2205	5,5379		-2669607140804482652
3	817	0,22175	4,29293		4,2286	8,1538		0,2920	5,6659		-2079620620105992929
4	860	0,22115	4,60122		4,2400	8,2277		0,2748	5,7470		-4297594042619854166
0	826	0,18584	4,32604		4,3689	8,0187		0,2418	5,6397		3559682521303257455
13	881	0,30045	4,68376		5,1718	8,0235		0,3645	5,7007		6909982456373929548
2	847	0,18297	4,4932		3,6416	7,9950		0,2311	5,7093		9170835264806378998
2	804	0,2111	4,23522		5,3627	8,0206		0,2811	5,6616		-1421973723535658444
4	840	0,22769	4,46012		4,1133	8,0496		0,2910	5,7132		5590151619083114503
1	848	0,18472	4,42293		3,8778	8,0657		0,2338	5,6075		-4889616930761374279
3	859	0,24855	4,51959		4,4555	7,9938		0,3121	5,6783		9019265392075709223
6	855	0,2847	4,49173		4,5363	8,1759		0,3567	5,6476		3675103004960498620
4	879	0,23275	4,65689		4,3018	8,0659		0,2839	5,7011		8417350685900015875
4	867	0,19551	4,63825		4,6214	8,0484		0,2421	5,7589		1188187787968257461
7	830	0,20909	4,34114		4,0240	8,0146		0,2704	5,6389		1273160430494497957
5	880	0,27161	4,65854		4,0145	8,0282		0,3318	5,7093		1000436698482088968
1	826	0,15854	4,24175		3,6432	8,0984		0,2070	5,5394		2548827544193055970
3	854	0,26194	4,60237		4,3340	8,0720		0,3293	5,8122		3737265098820376477
1	812	0,14711	4,27949		4,1531	7,9812		0,1939	5,6676		-2995034013436452329
11	857	0,23621	4,51697		4,7848	8,1765		0,2962	5,6823		-7707814417102825297
2	822	0,20474	4,31653		4,0043	7,9950		0,2667	5,6292		-2945533957945154796
0	829	0,15616	4,29125		3,7509	8,0188		0,2031	5,5892		6469885896878182115
10	857	0,28133	4,45858		5,0707	7,9877		0,3495	5,5994		-4231801976595071657
5	824	0,2242	4,43247		4,8383	8,1716		0,2913	5,7748		9113024828414465691
10	848	0,21813	4,41334		4,6082	7,9818		0,2742	5,5884		3058968794009971836
11	903	0,3338	4,80909		4,4920	8,1964		0,3979	5,7426		-1490291245452673140
8	897	0,25828	4,71231		4,8369	8,0314		0,3082	5,6560		-1167238162029206284
10	889	0,27342	4,8304		4,8587	8,1196		0,3297	5,8513		-1644479220530206579
2	801	0,20586	4,28591		5,4391	7,9996		0,2733	5,7387		-276763794090752523
5	883	0,30931	4,68105		4,5527	8,1492		0,3734	5,6926		-8357003081530702670
9	866	0,28929	4,615		4,5361	7,9834		0,3591	5,7465		6760428334226601649
6	852	0,19111	4,45178		3,1994	7,9750		0,2405	5,6269		-4050389240201028199
6	853	0,2121	4,48943		3,9514	8,2191		0,2663	5,6663		2434393769304597193
3	838	0,21309	4,43737		3,3109	7,9894		0,2714	5,6882		3654024839080634115
5	850	0,26527	4,56853		4,2718	8,1315		0,3312	5,7699		-5411850959105799676
6	841	0,237	4,48891		3,7644	8,2559		0,3018	5,7473		5529577896010872741
5	833	0,19563	4,34169		4,4748	8,0162		0,2527	5,6248		-7057506090339592389
2	831	0,20193	4,38561		5,5177	7,9918		0,2585	5,6606		-5481349102974878912
1	801	0,16188	4,20216		4,1642	7,9992		0,2163	5,6317		5478858407620080280
10	860	0,23603	4,57199		5,7908	7,9973		0,2924	5,7189		6056974620882170351
5	823	0,18061	4,28641		4,7168	7,9987		0,2347	5,5867		1832055785867133695
3	896	0,24717	4,81064		4,5919	8,0818		0,2969	5,7864		1911605458878812351
3	850	0,24006	4,42031		4,2365	8,1195		0,3042	5,6099		1620110990217990859
0	812	0,14758	4,31864		3,5392	7,9903		0,1955	5,7255		7578458732403283844
5	812	0,21367	4,22139		5,7833	7,9967		0,2810	5,5794		7410013402307709885
6	850	0,22249	4,49474		4,5985	7,9934		0,2810	5,6992		-5712987873425477654
0	830	0,15026	4,42141		3,8215	7,9917		0,1952	5,7531		6988924669151149616
2	843	0,21288	4,45436		5,0565	7,9938		0,2711	5,6847		-5668408832743642678
10	882	0,31754	4,6852		4,7643	8,1988		0,3883	5,7350		3692025309605029777
3	818	0,18326	4,31465		3,6335	8,0297		0,2381	5,6682		-6163850920896780098
18	858	0,32953	4,63433		5,0319	8,0129		0,4114	5,7957		-5397616693698679793
13	859	0,26902	4,5723		4,3805	8,1076		0,3366	5,7313		-5362463846122580233
2	786	0,13963	4,18143		4,0006	7,9983		0,1896	5,7133		-7314455957465368690
6	884	0,32335	4,75986		4,7493	8,0953		0,3919	5,7833		-564557199252344499
7	860	0,26274	4,57829		4,8869	7,9888		0,3291	5,7400		6215077863128529376
8	859	0,27422	4,62421		5,5084	8,0875		0,3423	5,7895		-4515246683990671209
7	888	0,25737	4,63161		4,2842	8,2989		0,3102	5,6018		4656582294628332086
2	828	0,19248	4,32399		4,6114	7,9845		0,2482	5,6209		-1806064476979325892
7	854	0,28027	4,49055		4,8807	8,0229		0,3523	5,6731		-5411082928215523884
20	878	0,35327	4,76603		5,4994	8,0016		0,4325	5,8464		5554025049315430922
9	891	0,27038	4,65392		4,6703	8,0586		0,3259	5,6276		-4998755313109721596
3	862	0,18181	4,49524		3,5970	8,1519		0,2256	5,6030		-2745838443143303355
10	879	0,22891	4,50326		5,4444	8,0094		0,2799	5,5163		-2034365806443714228
6	860	0,25167	4,43929		4,2546	8,1644		0,3145	5,5601		-5286999274999109885
6	863	0,24427	4,6196		5,5882	7,9978		0,3042	5,7672		-8771376997671429150
13	836	0,26512	4,43813		4,5671	7,9987		0,3392	5,7162		-7613712970556866121
2	854	0,19776	4,44884		5,0703	7,9899		0,2489	5,6126		-7788099043823322273
2	817	0,18347	4,20645		3,1899	7,9933		0,2419	5,5537		6560870421784216074
4	839	0,26274	4,31104		4,7807	7,9976		0,3370	5,5421		-8317220386074312269
3	826	0,19645	4,35199		5,2434	8,1503		0,2546	5,6590		5962049066583018225
6	829	0,27277	4,4394		5,1207	7,9803		0,3536	5,7700		6668513150756619097
5	887	0,30104	4,7042		5,1921	8,0058		0,3640	5,7026		13843980828955387
0	796	0,13832	4,16685		3,0714	7,9884		0,1786	5,6199		3381503894317122762
1	824	0,18532	4,32652		4,3170	7,9943		0,2423	5,6658		-660777670769542934
1	870	0,21925	4,48379		4,5355	8,0396		0,2703	5,5528		1971687132445717302
3	850	0,21651	4,49391		3,7940	7,9962		0,2750	5,7099		6796065715131092357
12	858	0,3435	4,53729		5,2677	7,9792		0,4308	5,6991		3101363727320986737
15	912	0,31603	4,89463		4,5461	8,1473		0,3734	5,7878		-4518407217323661652
4	825	0,22788	4,43815		5,7186	7,9947		0,2958	5,7732		797936360425751083
3	808	0,20739	4,37154		4,4609	8,1267		0,2751	5,8253		-8905022308315836500
2	902	0,24843	4,80841		4,3232	8,0863		0,2967	5,7516		3902737880523228260
6	827	0,20101	4,334		4,4835	8,0260		0,2603	5,6371		-3038581532157744428
3	844	0,23541	4,42623		4,2056	8,1092		0,2984	5,6240		-4222670100092264674
9	837	0,23872	4,35976		5,4938	8,0515		0,3061	5,6103		-4312282559254587320
4	869	0,25622	4,5809		5,3002	7,9998		0,3158	5,6701		884086605600810835
8	861	0,27156	4,49784		5,0005	7,9753		0,3394	5,6292		905971224808732180
10	841	0,24366	4,59135		4,6001	7,9986		0,3099	5,8646		-4141038463228775639
10	866	0,22957	4,54266		4,5610	8,0389		0,2843	5,6404		-3714071931390702204
19	856	0,27208	4,52617		5,1357	8,0929		0,3363	5,6786		-3158080894179690141
1	866	0,23383	4,58814		4,9174	7,9903		0,2906	5,7212		-5033932110066024014
7	865	0,28436	4,49339		4,3514	8,0291		0,3529	5,5962		3463710016074069019
5	856	0,21003	4,5962		3,7289	8,0142		0,2637	5,7889		-7186867251464678561
2	832	0,22825	4,36891		3,6196	7,9984		0,2952	5,6642		2718502106288044718
1	835	0,21186	4,43134		4,2423	8,0294		0,2720	5,7047		996457253855383046
4	818	0,19387	4,31126		3,7231	7,9964		0,2541	5,6671		8772369052455814902
5	873	0,25741	4,55545		4,1469	7,9863		0,3169	5,6204		70444489973592622
10	828	0,3058	4,48873		5,5845	8,0108		0,3950	5,8364		-5505289092977632834
3	880	0,25015	4,58315		4,7061	8,1971		0,3059	5,6148		1274605763829100800
6	824	0,29358	4,24497		5,2711	7,9971		0,3838	5,5598		8540117028759974514
5	846	0,24474	4,42591		4,3083	7,9853		0,3095	5,6328		7389802804490636568
6	844	0,27297	4,4142		4,5048	8,0657		0,3476	5,6293		-7617350357927670250
13	883	0,34654	4,72689		5,2266	8,0328		0,4224	5,7667		5656977117400151199
2	828	0,17961	4,35119		4,0139	7,9973		0,2325	5,6517		-7717293559816363655
16	869	0,39746	4,69864		5,0797	8,0334		0,4922	5,8248		-2787815266104661863
13	869	0,30242	4,65558		5,2486	8,1753		0,3732	5,7717		8815484078452916905
3	838	0,17347	4,31675		4,7684	7,9909		0,2216	5,5487		-7786405908898921093
11	814	0,26033	4,24372		3,9761	8,0784		0,3428	5,6090		-8540133042857577047
7	843	0,31948	4,62395		4,0127	8,0241		0,4034	5,8913		4315745915797717248
4	875	0,24189	4,71498		4,6397	8,1323		0,2975	5,8053		9219633650422042721
18	892	0,35708	4,69636		4,9717	7,9992		0,4289	5,6768		7734353002333663548
5	871	0,31079	4,69746		4,8672	8,0069		0,3840	5,8189		-6695553337348003371
0	771	0,12858	3,95231		3,1886	8,0452		0,1796	5,5241		-2450904107357966096
8	835	0,22547	4,4739		4,3064	7,9969		0,2905	5,7808		7955205555371591833
3	827	0,1624	4,21437		3,8773	8,1414		0,2110	5,4887		5327735161704756512
0	811	0,14923	4,23858		3,3589	7,9917		0,1979	5,6304		-2303127441241406332
0	775	0,1178	4,00789		2,3599	8,0862		0,1639	5,5834		-3264895515072501789
10	817	0,2308	4,28348		4,4108	7,9881		0,3016	5,6369		-428932910989422684
14	835	0,22995	4,35924		4,9253	8,0557		0,2953	5,6152		-5939978935200834439
17	880	0,29464	4,69433		5,0830	7,9944		0,3547	5,7392		8969650911292529265
2	862	0,24974	4,4848		4,3039	7,9954		0,3107	5,6012		-6942236551728680798
3	855	0,16955	4,40229		4,9367	8,1346		0,2139	5,5583		4593792421185079108
9	900	0,30824	4,81503		3,7029	8,0428		0,3698	5,7780		-1371672943195427027
12	931	0,37166	4,98645		5,0013	8,0164		0,4311	5,7845		1846305202838937865
2	815	0,16899	4,27013		3,7424	7,9994		0,2228	5,6383		2334950358603319246
1	828	0,2339	4,36451		5,9446	8,1509		0,3036	5,6746		4972806590881073459
4	854	0,21658	4,57055		4,3781	8,1043		0,2719	5,7572		-6100226236444987340
10	872	0,2445	4,69616		5,2838	8,0290		0,3000	5,7829		-3570351431207120656
11	897	0,34422	4,81894		6,1512	8,0100		0,4111	5,7746		-4365592391246970277
6	912	0,26711	4,86363		4,7206	8,0995		0,3144	5,7540		4625974622474236318
4	876	0,20172	4,62891		3,5368	7,9981		0,2472	5,6876		-8294868692012569570
3	841	0,2161	4,40623		3,5702	7,9973		0,2743	5,6369		7660959961809295484
2	848	0,17413	4,50794		5,0876	7,9983		0,2212	5,7297		-7427435372352519153
13	871	0,24236	4,63319		5,7802	8,0010		0,2988	5,7267		-6297248221903668828
16	851	0,29642	4,43121		6,0060	7,9952		0,3757	5,6212		15809113424648075
0	807	0,13419	4,19134		2,8287	8,0016		0,1793	5,6063		-987156944431964616
5	871	0,24982	4,70462		4,6527	7,9811		0,3083	5,8182		396474931250595336
16	870	0,32323	4,70583		5,4200	8,1061		0,3968	5,8298		-7906746611694067237
0	860	0,17762	4,59775		3,1099	8,1723		0,2228	5,7716		-5829615165731422800
7	875	0,27976	4,62181		5,2904	8,1215		0,3445	5,6932		-1556861897776131229
8	867	0,28619	4,62036		4,6472	8,0020		0,3548	5,7465		5537632216589806899
3	835	0,24136	4,35487		5,0060	8,1157		0,3088	5,5972		-6505515182397362996
8	910	0,29865	4,78357		4,9344	8,0727		0,3513	5,6559		7985424815968468696
8	880	0,24599	4,71406		3,5492	8,0045		0,2991	5,7520		5464300856420374127
2	823	0,24024	4,32855		4,0349	7,9864		0,3126	5,6570		-7825123788109401898
11	875	0,31207	4,77974		4,7672	7,9910		0,3812	5,8608		1739019845242497394
6	878	0,20313	4,64177		3,9693	7,9869		0,2484	5,6977		6278625492385390305
6	821	0,14831	4,29019		5,4924	7,9902		0,1943	5,6313		2459590017719297410
1	874	0,20709	4,52206		4,2266	7,9886		0,2538	5,5666		7469667142457889030
2	854	0,19962	4,58095		3,1071	8,1213		0,2501	5,7728		7250591377492790719
4	871	0,20134	4,42013		4,1022	8,0855		0,2482	5,4602		-242732288097819717
9	868	0,30293	4,62772		4,5913	7,9983		0,3739	5,7211		-6292049618466725640
8	856	0,2074	4,51589		4,5373	7,9985		0,2613	5,6961		6798143443406265650
7	856	0,22911	4,54376		4,5997	7,9941		0,2873	5,7151		3134191196874449176
7	845	0,25715	4,47379		4,1149	8,0133		0,3234	5,6831		-6203939261763157011
13	850	0,2409	4,58494		5,6468	8,1048		0,3046	5,8083		7703169318050815455
11	858	0,26303	4,4942		5,2468	8,1289		0,3284	5,6254		-3546869909123200362
7	877	0,24264	4,61793		4,6414	7,9999		0,2971	5,6711		-8588814484450937132
5	835	0,19925	4,40881		4,8563	7,9952		0,2549	5,6811		-2814359852899408624
5	825	0,21229	4,43449		4,3897	7,9948		0,2765	5,7840		6441348868669343865
5	879	0,25656	4,65535		5,2108	8,0655		0,3138	5,7098		5127047243061025481
7	817	0,18733	4,3004		4,4268	7,9884		0,2470	5,6790		7461938321463720128
7	839	0,20378	4,5326		4,0412	8,0075		0,2616	5,8271		2059312361078155857
7	894	0,26809	4,75918		4,7318	8,0191		0,3224	5,7385		-107886994520860994
6	868	0,27139	4,63681		4,4633	8,1046		0,3353	5,7445		-2125841641165450704
5	852	0,19247	4,49129		3,6258	8,0395		0,2412	5,6579		-3222593737187180131
1	867	0,28965	4,60961		5,6152	8,0924		0,3583	5,7232		2300401588989711091
7	891	0,30539	4,75118		4,5209	8,1296		0,3685	5,7526		-195802773347759401
2	869	0,25291	4,65126		3,9711	8,0961		0,3125	5,7573		4939433355279318664
9	843	0,2773	4,45694		5,0886	8,1109		0,3540	5,6876		1005025619428902817
6	846	0,2086	4,51754		5,1676	8,0220		0,2647	5,7464		6925989664462612683
0	827	0,17523	4,29854		4,5440	7,9724		0,2281	5,6135		-3618820893677566556
8	881	0,25685	4,60226		4,2915	8,0037		0,3136	5,6404		-6783859901301142176
6	869	0,26385	4,62167		5,6551	7,9905		0,3256	5,7121		4352273279173498610
12	834	0,22703	4,40268		4,5339	8,0271		0,2922	5,6927		-3830172642513191230
4	879	0,22309	4,7291		3,3635	7,9932		0,2715	5,7788		4183463664409782583
2	845	0,13523	4,33574		3,3357	7,9980		0,1728	5,5415		-1960481270651243876
7	884	0,22973	4,62791		5,1697	8,0400		0,2790	5,6395		-3479499349496112082
2	899	0,2664	4,83805		4,9365	8,3086		0,3186	5,7968		8821689206565863255
4	903	0,28783	4,75354		4,4187	7,9868		0,3419	5,6634		8610791293103049559
5	840	0,24072	4,34982		4,6752	7,9601		0,3069	5,5783		-5596252823984775436
7	842	0,21858	4,50275		5,2425	8,2317		0,2773	5,7410		7943899246244445926
0	851	0,19335	4,57167		4,1499	7,9973		0,2448	5,8004		6804775433065220890
10	878	0,30999	4,72054		5,3953	7,9894		0,3742	5,7664		-2868469278512482306
7	847	0,22166	4,5231		4,4364	7,9983		0,2775	5,7563		-3765686660993972622
13	892	0,26621	4,63794		4,2089	8,0721		0,3215	5,6110		236066996600507423
10	849	0,20384	4,4492		4,0456	7,9772		0,2577	5,6419		-4744010245899770062
0	856	0,22843	4,53742		3,9919	7,9897		0,2872	5,7217		-540765328734075941
6	845	0,21675	4,46027		5,1725	7,9966		0,2770	5,7007		901381228467762936
1	855	0,19531	4,5515		4,6593	8,1448		0,2461	5,7401		-4002717139927158577
3	902	0,23716	4,7741		3,5546	8,0244		0,2833	5,7110		2909781704404958168
13	852	0,23676	4,50894		4,8565	8,0558		0,2997	5,7129		-209889551221494063
1	127	0,24478	4,08761		4,0632	7,9930		0,3330	5,6231		1029197315206627000
4	851	0,23371	4,59025		4,9519	7,9975		0,2935	5,8025		-8037934834351618970
6	859	0,27565	4,56422		4,0373	8,0857		0,3422	5,7050		-7912492620845899046
5	846	0,23812	4,50642		3,9460	8,0051		0,3021	5,7256		-1291646887894198666
5	859	0,20546	4,53292		5,0687	8,0721		0,2562	5,6790		5658787198140310202
1	809	0,1986	4,25898		4,2266	8,0882		0,2625	5,6568		6241426511333417794
5	878	0,26805	4,70367		5,0996	8,0250		0,3157	5,7430		2087688062679713305
1	815	0,17916	4,33363		3,7707	8,1536		0,2359	5,7329		8933899123581434005
5	843	0,17005	4,50872		4,4156	8,0562		0,2173	5,7761		-8345725485580262055
6	841	0,2364	4,44273		4,3205	7,9985		0,2962	5,6684		1977928177217657145
6	800	0,24774	4,16922		4,4794	8,0332		0,3336	5,6156		4154648021192412683
4	861	0,20743	4,48988		3,9112	7,9944		0,2580	5,5974		-8957437399072111188
6	864	0,26853	4,63357		4,7757	7,9832		0,3322	5,7632		-752654294452871994
1	859	0,19343	4,41024		3,6134	8,0633		0,2423	5,5343		7075095030477397012
2	832	0,20677	4,39232		4,5018	8,2126		0,2648	5,6937		-6493900983866892230
8	879	0,34938	4,76205		4,5957	8,0056		0,4268	5,8312		8548927245516309359
7	856	0,27567	4,56967		4,8104	7,9999		0,3474	5,7645		-6248678693581760124
8	854	0,25559	4,44808		4,5025	7,9960		0,3199	5,6072		4028783089054881294
3	848	0,25059	4,491		4,7627	8,0732		0,3169	5,6869		988518213487160770
5	881	0,263	4,70286		5,5064	7,9905		0,3202	5,7534		7269419975705673539
4	790	0,16313	4,22936		4,5235	8,0616		0,2221	5,7754		-70782025988350742
7	867	0,25894	4,60888		5,5138	7,9924		0,3218	5,7388		-8584483702145269671
10	869	0,26073	4,63557		4,3765	8,1059		0,3191	5,7261		-931332890697182761
17	880	0,33638	4,74252		5,4773	8,0435		0,4100	5,7985		-4122402489050672956
14	836	0,31233	4,32142		4,8505	8,0080		0,4006	5,5692		514930274401591204
4	877	0,2474	4,67497		5,4348	8,1422		0,3026	5,7421		-5984401767196652135
2	806	0,16626	4,21581		4,5693	8,0080		0,2222	5,6481		-2744323749509300163
3	868	0,25782	4,64644		5,6861	8,1136		0,3178	5,7469		5511445408253733951
9	868	0,31097	4,74273		5,0075	8,0361		0,3855	5,8883		-5560749540023687118
15	852	0,25924	4,4535		4,7365	7,9951		0,3267	5,6351		-9183520012830890905
26	871	0,34722	4,7396		5,7129	8,2442		0,4259	5,8536		-6996660809864166450
3	841	0,2055	4,48806		4,8755	8,1207		0,2635	5,7566		-1632422670148975303
8	838	0,21163	4,38042		5,2307	8,1035		0,2707	5,6296		2308480404699197800
0	842	0,16412	4,51861		3,1595	7,9871		0,2090	5,7923		1384663509275142607
4	828	0,2205	4,39951		5,2588	7,9664		0,2825	5,7065		5488931055241923832
14	849	0,31283	4,49141		4,9124	8,0827		0,3974	5,7106		727554210380366054
6	847	0,23159	4,33964		4,4209	7,9971		0,2928	5,5175		-7534118455624408851
16	915	0,34232	4,88431		4,1242	8,1288		0,4014	5,7435		-1024862284489466926
0	790	0,1383	4,1325		3,5018	8,0153		0,1874	5,6307		-5312808225353789380
5	865	0,27136	4,56138		4,6969	8,2528		0,3376	5,6850		7233166651111241906
4	842	0,24925	4,53228		4,5422	8,0354		0,3185	5,7993		-1994374051953586756
15	864	0,28237	4,44642		5,5692	8,0881		0,3517	5,5494		6194806032017570789
5	825	0,18772	4,51517		4,1252	7,9633		0,2430	5,8861		-6235780668611251024
5	877	0,32027	4,65768		4,0947	8,0212		0,3917	5,7090		1643680088361929916
1	845	0,16302	4,33471		3,4397	7,9917		0,2059	5,5068		-3399390845940574555
3	868	0,21825	4,58843		4,1790	7,9979		0,2703	5,6934		1272678690631518576
17	910	0,36324	4,90934		5,2419	7,9813		0,4282	5,8093		8503127460426470014
9	918	0,34812	4,95889		4,6595	7,9962		0,4082	5,8221		-2242879559372257706
4	844	0,2975	4,4759		4,7458	8,0121		0,3797	5,7185		-4953109540560090931
7	893	0,29556	4,64788		4,7637	7,9921		0,3570	5,6196		-2293153673792467888
7	894	0,24394	4,75137		5,5374	8,1260		0,2943	5,7384		4040021686210937187
9	888	0,28782	4,77495		4,2967	7,9962		0,3473	5,7797		1313388651410852487
8	894	0,30734	4,85982		5,8952	8,1059		0,3692	5,8477		7731913308788905513
3	824	0,25329	4,34826		4,9432	8,0879		0,3315	5,6991		-1988908210118807722
7	826	0,18078	4,22847		3,9318	7,9999		0,2346	5,5056		5644224123044706097
4	844	0,21134	4,41412		4,4774	8,1014		0,2694	5,6450		8158406644354292873
11	883	0,29577	4,67045		4,3425	8,1030		0,3597	5,7042		-8634105324470838265
11	891	0,2869	4,73259		4,3139	7,9865		0,3453	5,7307		9123116786582645446
7	886	0,27661	4,73297		4,4694	8,0750		0,3345	5,7483		1191654204966762061
15	880	0,27363	4,72227		5,1815	8,0997		0,3335	5,7705		-4560195080563118005
3	832	0,17686	4,39906		3,5903	7,9990		0,2282	5,6926		6003773039235365254
10	847	0,24906	4,46864		4,2529	7,9691		0,3142	5,6766		5853631341720796889
2	848	0,1952	4,58062		4,1917	8,0311		0,2437	5,7907		-180737794786964431
5	863	0,2965	4,67788		5,3870	7,9903		0,3650	5,8089		-4791350715737289489
6	826	0,1579	4,27016		3,9634	8,1806		0,2059	5,5826		-7708335034078169574
11	870	0,22217	4,60574		4,2966	8,1041		0,2748	5,7124		4610038320872734267
2	844	0,17173	4,35903		5,0437	7,9904		0,2181	5,5702		5061893621001379819
2	890	0,27918	4,84409		5,6239	8,0484		0,3376	5,8661		7201864599197286221
7	835	0,2651	4,39419		5,1223	8,0317		0,3396	5,6488		-355444441207080951
0	866	0,17681	4,60877		3,6248	8,0693		0,2197	5,7394		8141545873780353165
7	869	0,26344	4,55032		5,0100	7,9941		0,3255	5,6320		-3276519565859958627
4	873	0,19713	4,5957		4,9663	8,0584		0,2427	5,6761		1048431791168314479
6	828	0,191	4,39544		3,9428	7,9970		0,2470	5,7088		-8982053259951011088
0	843	0,2198	4,38034		3,8967	8,0536		0,2789	5,5759		-2589473104189025052
5	836	0,24436	4,42902		4,1178	7,9890		0,3123	5,6740		-7450075703180581893
5	845	0,20414	4,48343		5,4505	7,9941		0,2581	5,6863		-8740879529119460333
6	854	0,28117	4,51822		4,9676	8,0643		0,3518	5,6732		-1223931263629363650
6	855	0,17536	4,40247		4,5197	7,9811		0,2202	5,5430		-4607988376020538296
1	819	0,18588	4,24377		3,8058	8,0843		0,2439	5,5889		7578665664418251984
6	879	0,24074	4,51408		4,5236	7,9879		0,2934	5,5243		8121444740634989356
6	823	0,22682	4,33282		4,1073	7,9944		0,2944	5,6573		-6583914367090007113
5	859	0,21369	4,54655		4,4482	7,9929		0,2664	5,6924		7701436884202009654
2	871	0,26376	4,67932		3,7759	8,0204		0,3259	5,7937		2156228696479945081
4	863	0,28238	4,58001		4,6395	8,0507		0,3521	5,7232		-7716888814712539551
8	889	0,2485	4,72111		4,4974	8,0240		0,3012	5,7252		-2714817191538600462
8	844	0,20629	4,44739		5,5022	8,0367		0,2636	5,6892		2086225921620289823
2	814	0,17402	4,30337		3,8499	8,0563		0,2289	5,6768		8063719585114356328
2	887	0,24072	4,69853		4,8328	8,1816		0,2909	5,7088		7454281095561743501
6	876	0,24869	4,61613		5,1374	7,9907		0,3055	5,6829		6559028846700424924
15	882	0,36646	4,73029		4,8708	7,9987		0,4456	5,7769		8418512139753433319
9	867	0,26412	4,62631		4,9516	8,0142		0,3267	5,7393		-7430986274137001822
6	875	0,29362	4,67532		4,0529	8,0406		0,3595	5,7441		-2808961877717931715
4	846	0,19848	4,4327		4,2524	8,1365		0,2530	5,6577		-4888118911368198605
3	845	0,22512	4,55777		3,9335	7,9950		0,2853	5,7920		-4871930875310068378
3	871	0,24347	4,6617		4,4340	8,1927		0,2988	5,7488		5269691953010795586
7	807	0,20249	4,22688		4,1965	8,1007		0,2693	5,6465		-1535371388004792523
7	868	0,26023	4,58193		4,9090	8,0675		0,3219	5,6840		7169405215806951436
5	891	0,3252	4,78749		4,5226	8,0190		0,3933	5,8007		-6563742456680376597
5	849	0,24148	4,50629		4,4304	7,9986		0,3057	5,7158		7613631248454292212
0	790	0,14195	4,18005		4,2132	7,9990		0,1933	5,7027		-5219661804289983765
15	867	0,30836	4,59969		4,8887	8,0644		0,3814	5,7061		5685564920322052942
11	846	0,24031	4,59173		4,7651	8,0195		0,3049	5,8442		8921008042586801844
5	851	0,23469	4,42335		5,6337	8,0710		0,2974	5,6096		-7456669351243323782
1	829	0,17696	4,43754		3,4136	7,9995		0,2291	5,7626		-6419567468060232438
1	871	0,22399	4,58841		3,8217	7,9978		0,2767	5,6864		3050049096730701877
7	849	0,2145	4,45881		4,9445	7,9993		0,2715	5,6543		-6492819091397244554
1	842	0,20852	4,40179		3,6349	7,9953		0,2600	5,5977		5459772231070622507
6	818	0,22221	4,50237		4,5874	8,0442		0,2923	5,9275		4757919457327191281
7	909	0,28009	4,80251		4,4238	7,9907		0,3316	5,6956		-2146875561006287153
9	856	0,2862	4,55409		4,5481	8,0186		0,3610	5,7458		4285396120394174939
7	855	0,24791	4,47117		5,5727	7,9995		0,3120	5,6371		969998382823171695
5	870	0,21475	4,61955		4,9648	8,0259		0,2644	5,7024		-5116176718639281358
2	847	0,2283	4,51793		5,1432	7,9791		0,2907	5,7605		-8427630143549747838
9	910	0,31808	4,86344		5,0850	8,0142		0,3762	5,7703		-896250835982302465
4	811	0,18335	4,31743		5,1854	8,1189		0,2426	5,7279		5864985329211880772
1	847	0,2044	4,61703		4,4192	8,1098		0,2584	5,8565		8790209172607126547
0	789	0,13766	4,015		3,8456	8,0398		0,1877	5,4874		2955133499800004484
15	869	0,32547	4,65662		5,5019	7,9994		0,4017	5,7629		2961167895349562099
12	874	0,25319	4,61813		4,6976	7,9898		0,3066	5,6738		-310109747510584644
12	868	0,25041	4,63959		4,0888	8,0897		0,3108	5,7658		6839010326869348880
8	849	0,18775	4,43554		4,2295	7,9992		0,2361	5,6304		-7155463679083263134
3	783	0,16179	4,12493		3,6149	7,9815		0,2211	5,6481		-6274237800925983429
4	856	0,17975	4,56486		4,7885	8,0635		0,2246	5,7302		-3640352329762105731
5	861	0,25431	4,62556		5,5662	7,9761		0,3160	5,7758		-2486989074077896617
9	862	0,27809	4,51648		5,2770	8,1163		0,3480	5,6548		-4871085067612362374
10	839	0,26259	4,38525		4,8818	7,9890		0,3346	5,6285		2588199157294521679
5	823	0,20525	4,32842		5,3920	7,9918		0,2670	5,6579		-7851017438212056257
5	840	0,22078	4,42013		4,8407	8,0023		0,2835	5,6799		6201076606899860810
7	924	0,32629	4,90289		5,0126	8,1167		0,3809	5,7279		7751738100663861888
5	815	0,18627	4,31294		4,5530	7,9963		0,2453	5,6941		-7747115908019582691
6	852	0,2388	4,65869		4,7470	7,9892		0,3009	5,8894		2120893625354739026
2	867	0,19084	4,57506		3,5914	7,9921		0,2360	5,6766		1563716180720573697
8	842	0,26333	4,59363		4,1446	8,1130		0,3349	5,8596		6079135415406681597
5	824	0,24276	4,39684		4,8504	7,9830		0,3147	5,7335		-6674970625533086843
3	826	0,14196	4,29154		5,2373	7,9874		0,1846	5,6107		-4084957206034829035
2	846	0,20003	4,53837		3,6169	7,9922		0,2535	5,7692		-2271520963102698555
6	844	0,23453	4,32343		4,6085	8,0583		0,2983	5,5200		-4519855208679894837
8	873	0,27567	4,60412		5,2362	7,9782		0,3394	5,6804		1980501957884346076
4	847	0,20012	4,45729		4,4160	7,9639		0,2539	5,6767		-8975069700629743232
13	861	0,29185	4,58544		4,1943	8,0557		0,3648	5,7454		-2243154289545000810
9	825	0,24189	4,36364		4,9624	8,0722		0,3151	5,6909		-615672149963451493
7	811	0,19447	4,25609		5,1414	8,1053		0,2573	5,6541		-3950040574507022486
4	872	0,25315	4,67321		4,2734	8,0786		0,3106	5,7627		4129086164044424859
7	856	0,2887	4,59537		4,3553	8,1167		0,3604	5,7565		-6214158850988896345
7	833	0,20025	4,50311		4,0239	7,9992		0,2593	5,8373		6641358282450102639
9	884	0,26116	4,61691		4,9413	7,9887		0,3169	5,6209		-5390535149579686420
9	838	0,22044	4,46677		5,9790	7,9994		0,2814	5,7165		-9044870609278188540
2	848	0,24605	4,52473		3,7917	8,0145		0,3115	5,7352		-8036048180313484068
12	858	0,30523	4,54874		4,3673	8,1625		0,3801	5,6850		-6749883435197999584
0	793	0,16962	4,16547		3,6525	8,0151		0,2310	5,6730		-8640008501716061678
10	832	0,21812	4,30288		5,3379	7,9921		0,2807	5,5462		-5619137781335173266
0	825	0,1956	4,38221		3,6178	8,1101		0,2548	5,7256		342983153622244947
7	870	0,3256	4,73082		4,6909	7,9982		0,4028	5,8675		3983284711770301657
6	862	0,22166	4,53074		4,8981	8,0104		0,2766	5,6675		518685762142215426
6	851	0,23275	4,5531		4,9211	8,0019		0,2936	5,7575		7844975773945876252
6	866	0,24536	4,56195		5,4913	8,0759		0,3042	5,6680		-5425211750879076648
8	862	0,28436	4,67549		4,6216	8,1964		0,3546	5,8412		2894403434588470938
5	826	0,17831	4,3769		4,9335	7,9744		0,2317	5,7029		576389463684447187
8	846	0,24111	4,43943		4,4064	7,9988		0,3056	5,6451		68408499633668202
5	843	0,16685	4,50991		3,8849	7,9996		0,2129	5,7595		4254100154826971247
14	858	0,35568	4,53493		5,2314	8,1738		0,4446	5,6910		-4357060681959010122
6	892	0,28318	4,80264		3,8766	8,0729		0,3417	5,8091		-1460582413904877037
5	855	0,24163	4,56785		3,8543	8,0815		0,3037	5,7535		1629426074617165381
7	832	0,27478	4,37877		4,7415	8,0845		0,3528	5,6570		-3590034139340009778
8	802	0,21926	4,15002		4,4423	7,9783		0,2941	5,5760		5550757195974361941
12	904	0,37339	4,7985		6,4462	8,0572		0,4416	5,7160		-5718486114210796478
0	858	0,20756	4,47763		3,9978	8,0621		0,2585	5,6086		5658977502830612397
4	892	0,26043	4,73702		5,3416	8,0935		0,3146	5,7347		-1793826430755878432
12	883	0,24561	4,66097		5,3147	7,9974		0,2987	5,6833		3703738823821508595
2	838	0,22053	4,40295		4,8513	7,9938		0,2828	5,6534		-1515280973116106155
4	847	0,19096	4,41993		4,0549	7,9987		0,2426	5,6291		-2577524524341973446
5	843	0,17199	4,42167		4,9850	8,1239		0,2185	5,6328		2226766340521928771
9	849	0,23952	4,52222		4,8627	8,0124		0,3014	5,7125		6560725869086296031
4	890	0,34359	4,69817		5,4257	8,0113		0,4160	5,6968		-8947197680099419596
4	826	0,16095	4,34961		4,3501	8,1439		0,2089	5,6629		3729395352635159701
11	816	0,23471	4,35044		4,6336	7,9979		0,3092	5,7460		-7896333624547982901
8	885	0,25035	4,69575		6,0165	8,1053		0,3044	5,7292		4174076461256563389
10	864	0,23497	4,45439		5,1145	8,0262		0,2916	5,5521		-1123706405575431620
1	865	0,2248	4,5565		4,2684	8,0174		0,2803	5,6890		8022047696752481530
7	852	0,20054	4,51042		4,3007	7,9653		0,2514	5,6917		-895968919886751235
9	879	0,26941	4,51381		3,6300	8,1196		0,3298	5,5303		-5510426890653946620
3	845	0,20066	4,46098		4,5064	7,9901		0,2552	5,6927		-5751567026898420803
1	835	0,18886	4,41905		4,0975	8,1188		0,2422	5,6903		2873274441738235837
12	837	0,28797	4,51388		6,1886	8,0373		0,3635	5,7994		1161726962511307413
10	862	0,27205	4,60115		4,3382	7,9936		0,3388	5,7444		-2437595109778100607
15	882	0,34374	4,60528		5,0779	8,1886		0,4173	5,6237		4984660608475176316
10	832	0,23413	4,37196		5,2176	7,9912		0,3013	5,6468		1857331087458746817
3	906	0,2155	4,72703		3,9611	7,9998		0,2560	5,6260		-141854116144280064
2	790	0,15534	4,19344		3,5881	8,2611		0,2110	5,7182		2086738876974883026
6	916	0,27214	4,88981		3,7622	8,0728		0,3184	5,7317		-8840038129307535821
1	873	0,27138	4,64996		3,6276	8,0624		0,3342	5,7375		1535117194509476610
4	802	0,17196	4,1474		4,2424	8,1460		0,2298	5,5756		5591812451430642146
2	883	0,19769	4,66452		2,9099	8,0775		0,2401	5,6781		4900856807762673132
2	831	0,17772	4,38674		3,9920	7,9967		0,2290	5,6753		1762398347263102733
8	891	0,28272	4,78617		4,5226	8,0533		0,3407	5,7864		7531417303223031053
22	864	0,41055	4,67581		5,2097	8,0295		0,5119	5,8366		-7340821587195217518
2	865	0,17741	4,66319		4,1703	8,0984		0,2207	5,8117		-3538079059751637354
15	865	0,29963	4,60341		5,2293	8,1113		0,3715	5,7219		3651236861865405994
6	876	0,26149	4,66177		4,4254	8,0811		0,3212	5,7364		2783266314066862467
0	809	0,16023	4,22151		3,4833	8,0766		0,2120	5,6096		-7944207252118935399
9	816	0,22688	4,36601		4,3452	7,9912		0,2973	5,7506		-8404696190655426324
7	855	0,22625	4,51335		4,7313	8,0158		0,2847	5,6899		2222813965225050401
3	847	0,1651	4,44421		3,9798	8,1351		0,2090	5,6411		8001927305444133018
1	860	0,27706	4,56113		4,7531	7,9955		0,3479	5,7279		1562793243329277239
5	864	0,21756	4,65057		3,6779	8,1063		0,2713	5,8052		8988890440889781980
0	833	0,16619	4,34791		3,2359	8,1016		0,2146	5,6244		-452862919602923655
7	879	0,22825	4,71312		4,5273	8,1189		0,2778	5,7710		2071390423279157147
5	891	0,27011	4,68703		4,3568	7,9896		0,3263	5,6737		7208841888345473758
14	886	0,27202	4,66223		4,6355	7,9991		0,3286	5,6580		2792601256301626540
4	836	0,26121	4,34642		5,4513	8,0588		0,3350	5,5969		1280175975736421678
8	876	0,28977	4,65506		4,5154	8,1222		0,3540	5,7018		1477014286552268645
8	832	0,21411	4,44716		4,8754	7,9913		0,2769	5,7659		6116653218927584437
5	844	0,26258	4,5149		4,2874	8,1197		0,3340	5,7640		-2276362903101524110
13	890	0,35841	4,76776		5,9595	8,0123		0,4302	5,7519		-4843793565046340301
7	818	0,23799	4,32051		4,6026	8,0260		0,3097	5,6737		-4669655743058320663
6	818	0,21085	4,19169		3,8944	8,0871		0,2776	5,5247		-7757587384815464426
4	871	0,24386	4,64771		4,5468	7,9743		0,3009	5,7475		5357457728085220250
2	813	0,17129	4,31172		4,8658	8,0571		0,2256	5,6848		1720724260591375338
3	828	0,18573	4,31691		4,6478	7,9996		0,2402	5,5942		1973264643726972332
6	841	0,21748	4,40227		4,8686	8,0146		0,2786	5,6477		7767280205211293456
6	855	0,25579	4,55438		4,8277	8,0058		0,3219	5,7481		-8800462178124764315
3	859	0,21306	4,58662		4,3243	8,0903		0,2646	5,7299		1393405202008897965
3	849	0,21727	4,35431		5,4139	7,9912		0,2747	5,5196		4003696592666645064
5	829	0,20365	4,34965		4,5044	8,0769		0,2640	5,6517		2053759418171638501
0	837	0,25214	4,58281		4,4382	8,1205		0,3241	5,8989		6074209876739444068
8	836	0,22985	4,35903		4,6861	7,9982		0,2955	5,6240		6884197524802342217
10	873	0,24472	4,625		4,5077	7,9873		0,3017	5,7115		-3098622759956827926
5	805	0,22769	4,23928		5,2743	8,0600		0,3032	5,6723		449456051033097869
6	880	0,26569	4,7321		5,5667	7,9927		0,3245	5,7946		-2837227694271100159
6	847	0,2545	4,46523		5,3368	7,9850		0,3226	5,6771		5536467710935742078
9	806	0,1807	4,19921		5,3457	8,0550		0,2409	5,6079		7571440526359348694
12	889	0,29304	4,79021		5,1460	8,0613		0,3540	5,8073		-3119132354610020046
14	869	0,27294	4,67999		5,0105	8,0337		0,3372	5,8098		5729545642597275382
8	876	0,32313	4,64309		5,8607	8,0326		0,3970	5,7172		8374512676525578368
11	822	0,2113	4,24315		5,7096	7,9845		0,2759	5,5631		-5662348466666106913
5	846	0,24424	4,46956		4,7682	7,9944		0,3092	5,6848		-5266443792258297678
6	822	0,21559	4,32801		5,1292	8,0524		0,2829	5,6859		-5473621630640299053
9	899	0,29661	4,88869		4,4299	8,1372		0,3535	5,8457		793599629460999289
9	874	0,25378	4,7547		5,3271	7,9950		0,3121	5,8658		-7687263969155500305
4	903	0,2664	4,77607		4,1218	8,0258		0,3182	5,7066		3720066744386794529
16	890	0,34914	4,71233		5,1047	8,1932		0,4207	5,7094		-1020052902530184580
0	821	0,16356	4,28456		3,8389	7,9932		0,2135	5,6118		1729916579880856581
8	879	0,27777	4,78031		5,3795	7,9952		0,3393	5,8655		2103096049040923269
1	853	0,25343	4,56663		4,6405	7,9869		0,3190	5,7634		-8736522528116261308
2	862	0,23597	4,50632		4,6172	7,9752		0,2929	5,6203		-608367246737030999
5	860	0,22032	4,60693		5,0480	8,0158		0,2750	5,7727		6684957867586923444
3	896	0,22705	4,71867		3,5258	7,9980		0,2706	5,6701		-2371172588243636174
7	913	0,33337	4,98879		4,4472	8,1633		0,3911	5,8885		-7837490194973059050
9	884	0,26473	4,75998		4,3834	7,9987		0,3208	5,7996		-5288362469359460507
2	887	0,2583	4,64626		4,8512	8,0090		0,3137	5,6529		-6192359603954006645
11	847	0,21544	4,50782		4,4869	8,0322		0,2734	5,7322		6744583560160653851
2	831	0,19031	4,40393		4,2854	7,9993		0,2467	5,7110		6743692052489605958
2	824	0,18092	4,28174		5,8693	7,9949		0,2352	5,6033		-2317056031825315440
4	811	0,17815	4,23405		4,4755	8,1126		0,2352	5,6262		-9041445863805389949
3	868	0,30077	4,55585		4,4979	7,9818		0,3725	5,6595		8965476172658187642
9	815	0,24467	4,30637		4,1493	7,9919		0,3210	5,6734		-5510991597405188936
6	847	0,23143	4,54167		4,2466	7,9978		0,2926	5,7623		-680984898150202787
6	843	0,25603	4,46953		5,9577	7,9950		0,3253	5,6987		7143260877747272201
7	886	0,30083	4,65547		5,5456	7,9992		0,3654	5,6634		6677421291773821213
0	822	0,14674	4,21331		2,9531	8,1252		0,1920	5,5271		2091229259021737728
8	846	0,25173	4,57116		4,5514	7,9983		0,3190	5,8193		2722731994473038804
3	828	0,17598	4,39867		4,3606	8,0159		0,2292	5,7323		-4245465266118999428
8	870	0,28351	4,68559		4,6876	7,9999		0,3499	5,8101		-6292206496012592155
1	843	0,20374	4,49732		4,8761	7,9975		0,2600	5,7508		8350217731634226410
7	898	0,32472	4,81605		4,5761	8,1806		0,3892	5,7808		2172961837928195409
13	844	0,25064	4,52402		5,3470	8,0221		0,3188	5,7787		-1077061371074771533
1	868	0,20971	4,57129		4,5547	7,9997		0,2578	5,6682		-7660306197711795383
2	831	0,18272	4,32935		5,4068	8,1130		0,2366	5,6116		-8744814290784531467
2	856	0,19586	4,55245		3,4070	7,9926		0,2459	5,7330		2622365324270846467
3	824	0,21571	4,39452		4,7014	8,1604		0,2810	5,7535		580223969086948980
11	881	0,32714	4,65515		4,8985	8,0932		0,3996	5,7037		-6349582720407811631
3	805	0,17151	4,28635		5,1642	8,0093		0,2281	5,7210		-265895859386747182
8	827	0,23241	4,48654		5,2439	8,0153		0,3016	5,8319		7162102631799672686
0	849	0,19416	4,49497		3,7382	8,0786		0,2449	5,6867		4200014921641876478
15	864	0,37243	4,68616		4,7531	8,1381		0,4607	5,8285		-7818648885281047141
11	850	0,27112	4,44453		4,5219	7,9964		0,3432	5,6380		5075496663387680746
3	842	0,22919	4,45699		3,8161	7,9982		0,2905	5,6945		-8747974191642455062
5	832	0,17948	4,44094		4,3586	8,0144		0,2318	5,7501		53952536406051968
8	850	0,24548	4,48042		4,8526	8,0145		0,3108	5,6796		7790223374843123416
6	889	0,28736	4,67237		5,5094	7,9903		0,3475	5,6662		-3507080121180001322
6	800	0,18197	4,20159		3,6532	8,0098		0,2432	5,6400		-7218921419187213023
4	860	0,19483	4,45735		4,1877	7,9458		0,2429	5,5780		5942395387036710815
3	859	0,26335	4,51072		4,4414	7,9999		0,3295	5,6632		-5671948532165263792
6	826	0,19943	4,34357		4,2790	7,9907		0,2594	5,6569		-5007243378769470492
6	892	0,27571	4,65245		4,6637	7,9950		0,3330	5,6283		4462896602402989717
3	830	0,1862	4,26511		5,2989	8,0362		0,2414	5,5437		4224127012354494708
12	873	0,33216	4,65932		5,1139	7,9861		0,4090	5,7497		-5903742011863002150
2	858	0,28329	4,60407		5,0150	7,9985		0,3557	5,7885		9059178815808163993
8	878	0,2739	4,63036		4,9782	7,9995		0,3357	5,6875		1446233801475842071
10	861	0,27354	4,69412		5,8071	8,0534		0,3419	5,8784		-1660473168858994036
13	904	0,34774	4,89803		5,2211	8,0926		0,4127	5,8318		1093311686614498533
2	866	0,22401	4,58954		3,3727	8,0135		0,2746	5,6884		5840236342077484074
5	864	0,24319	4,59459		6,4158	8,0344		0,3022	5,7256		-4386965932405685167
2	825	0,18279	4,40155		4,3194	8,0357		0,2381	5,7498		5923075934910582630
14	923	0,32329	4,88925		5,9211	7,9895		0,3778	5,7189		-8518130230891953421
6	855	0,27178	4,61137		3,7590	8,1318		0,3421	5,8167		-792841067260205823
6	873	0,25115	4,51795		3,7954	7,9910		0,3107	5,5892		-8518264905312317634
6	856	0,24621	4,48411		4,2044	8,1743		0,3099	5,6504		-5013559476056084999
5	822	0,20332	4,20371		3,7588	7,9853		0,2664	5,5177		-1491141369005342184
1	836	0,19712	4,33128		3,6358	7,9956		0,2528	5,5670		-7669762320816957378
4	810	0,19242	4,1559		4,0786	8,0744		0,2525	5,5102		-2197474934062553940
6	833	0,22358	4,40078		4,1872	8,0485		0,2883	5,7039		1120382239786783403
2	855	0,25044	4,57017		3,6977	8,1046		0,3122	5,7298		-1119174313712195713
6	834	0,25268	4,56225		5,1168	7,9960		0,3256	5,8989		-6799065283291730893
11	907	0,36933	4,9043		4,6665	7,9780		0,4388	5,8329		-6278710984146422079
16	862	0,2829	4,49917		4,4082	7,9786		0,3544	5,6370		-3571561668526050725
13	872	0,29042	4,63398		4,7490	8,0651		0,3560	5,7139		-3410357874177048603
5	837	0,18955	4,47884		4,8449	8,1201		0,2425	5,7412		5070930885711889127
2	884	0,21749	4,55887		3,8787	7,9999		0,2639	5,5471		-8182451099383284621
11	895	0,23263	4,78512		5,5954	8,0129		0,2788	5,7540		5278145118782866648
6	847	0,25573	4,50883		5,8121	7,9984		0,3256	5,7485		-9189357027802884580
2	871	0,2437	4,55921		4,5701	7,9992		0,3001	5,6324		-2440228967130022763
2	883	0,28096	4,86582		5,1351	8,0631		0,3417	5,9383		-5969081211728644082
1	811	0,16606	4,31203		3,6698	8,0564		0,2200	5,7293		-8498083634286284953
7	904	0,28607	4,77012		4,8091	7,9972		0,3398	5,6836		5513751220673814922
1	811	0,15471	4,15364		3,5667	8,1249		0,2047	5,5086		821979383323658794
4	842	0,21974	4,59604		4,7559	8,1195		0,2792	5,8681		-8247450436879626829
2	853	0,27371	4,53275		5,2129	8,0368		0,3445	5,7193		-5124443671459823807
0	817	0,16702	4,24988		4,5129	8,1017		0,2191	5,5928		-7750545854052481881
4	851	0,19842	4,57888		4,1201	8,0804		0,2503	5,7994		7472694381565480906
7	819	0,19724	4,2971		5,5795	8,1348		0,2588	5,6607		687617379120982483
2	853	0,22613	4,50064		5,4866	8,1426		0,2856	5,6965		-2268469495415933934
3	821	0,17088	4,24827		5,0223	7,9978		0,2239	5,5771		1976601920920361858
7	864	0,26233	4,65169		4,4238	8,0405		0,3245	5,7730		-6398275435197819061
0	824	0,16384	4,41029		3,1321	8,0009		0,2137	5,7643		-2105561573317412937
3	846	0,20611	4,4169		4,8036	8,0356		0,2615	5,6252		3029767335784815228
5	827	0,21049	4,39346		4,5465	8,0447		0,2719	5,7100		-7309544770278680003
11	908	0,30914	4,89413		4,4369	7,9960		0,3648	5,8092		-3322625961224498504
7	849	0,21405	4,39919		4,3791	8,0151		0,2697	5,5719		3843872230893971452
10	845	0,26183	4,52506		4,4028	8,0815		0,3326	5,7771		3081641521108874898
4	858	0,18291	4,5736		3,2026	7,9943		0,2278	5,7262		-69317064703427699
0	849	0,25606	4,51341		4,0052	8,0753		0,3241	5,7265		-4954951640941564209
6	898	0,31975	4,93701		4,5243	8,0575		0,3805	5,9118		6020011815814629135
7	892	0,24871	4,69683		4,5570	7,9948		0,2994	5,6734		-5990845037004194211
11	876	0,35377	4,71688		5,8585	8,0991		0,4341	5,7981		358507427587735355
15	868	0,25955	4,39976		4,5094	7,9857		0,3207	5,4600		3591060297589208452
4	895	0,22809	4,78655		4,4064	8,0510		0,2662	5,7293		88344904554668981
1	847	0,19398	4,36494		4,0986	7,9946		0,2458	5,5571		8013057130482984026
12	827	0,2566	4,44081		4,2442	8,1421		0,3326	5,7624		-5954305271242999643
0	848	0,17242	4,52364		3,6576	7,9951		0,2185	5,7452		8679456437888712828
5	820	0,21146	4,49117		4,2187	8,1183		0,2739	5,8959		8615036706056603014
11	872	0,33352	4,67256		4,8110	8,1654		0,4116	5,7772		-5402993069302664710
3	851	0,22993	4,4578		4,7954	7,9906		0,2900	5,6420		7229570524410768701
5	880	0,26305	4,66286		4,3339	8,0477		0,3213	5,7064		8817899481392757651
4	852	0,22352	4,46167		4,7693	8,0214		0,2820	5,6421		1470257865407968109
1	793	0,20321	4,14214		4,3359	8,1706		0,2750	5,6229		2472892388169200161
3	841	0,26828	4,43403		4,0064	7,9940		0,3428	5,6839		-8442539273956556023
10	820	0,2085	4,41716		4,1529	8,0366		0,2719	5,7796		-3089526407046121642
6	861	0,19839	4,51147		4,6679	7,9828		0,2479	5,6460		1922120268449286698
9	855	0,36454	4,60473		5,1158	8,1155		0,4599	5,8143		5644642698790022056
7	852	0,26884	4,46193		5,3959	8,0067		0,3383	5,6397		9040213636037607202
4	864	0,19457	4,58948		4,0014	7,9901		0,2362	5,6995		4744906177000442762
0	834	0,19344	4,37098		3,5173	7,9974		0,2481	5,6238		8306959037896614608
4	867	0,23425	4,60714		4,0450	8,2033		0,2907	5,7333		-6241782538848932900
3	827	0,19931	4,31755		4,8441	7,9976		0,2587	5,6231		2297538280711525429
3	877	0,1771	4,4063		5,1103	8,0591		0,2170	5,4157		2373545789866068387
6	840	0,25867	4,44962		4,7843	8,1026		0,3313	5,7164		-1110579192651904697
6	903	0,36867	4,82359		4,8919	8,2467		0,4365	5,7342		-3472077875361570564
5	821	0,19641	4,34781		5,0435	7,9958		0,2555	5,6761		7725206076942795013
2	823	0,17227	4,31941		3,5528	7,9979		0,2249	5,6524		-1532227545336545459
13	841	0,30807	4,35493		4,6439	7,9996		0,3923	5,5707		3492796833667400395
4	862	0,25757	4,54786		5,4466	8,0781		0,3223	5,6972		2891662698221536446
8	843	0,23941	4,54896		3,5010	7,9991		0,3049	5,7998		8881095564828196582
4	837	0,1589	4,37349		4,3123	8,0322		0,2030	5,6135		1178775173743675623
8	839	0,21424	4,44531		4,7382	8,1448		0,2725	5,7106		-2636288475527011221
14	874	0,31707	4,64353		6,2062	7,9890		0,3882	5,7126		-5315124674154866998
6	839	0,18068	4,47116		3,9510	7,9924		0,2314	5,7434		2119853520332079172
5	855	0,24189	4,49673		4,6762	8,1050		0,3041	5,6665		7494029221828932611
10	836	0,224	4,49436		4,5756	8,0709		0,2876	5,7950		-6254363611758642805
1	848	0,18966	4,44119		3,7377	7,9876		0,2392	5,6323		7099069208767113022
4	842	0,22418	4,55656		4,2092	8,0736		0,2865	5,8367		-1017461138919686374
4	841	0,15529	4,48234		3,6416	8,0015		0,1991	5,7551		-7476296226354023960
2	821	0,18474	4,27904		3,9411	8,0229		0,2406	5,6057		5056947048186477154
15	896	0,32711	4,81783		5,3521	7,9935		0,3920	5,7900		-8124031903950966488
7	868	0,27723	4,61182		4,9156	7,9961		0,3421	5,7111		-4177825324029174916
4	843	0,2464	4,44494		4,8548	7,9960		0,3130	5,6611		1602296297326860816
16	833	0,30698	4,53633		6,0051	8,1440		0,3951	5,8596		-1288174746252733827
6	870	0,26773	4,65968		4,7934	8,1753		0,3294	5,7673		-4941599920687545073
10	881	0,27185	4,56595		4,7258	7,9817		0,3317	5,5854		-1333891964284843507
13	854	0,28822	4,44283		4,4542	8,0309		0,3627	5,6033		3657564506193902762
8	901	0,24255	4,76889		4,5777	8,0431		0,2900	5,7159		6066239935122372410
11	838	0,3217	4,47974		6,7680	7,9986		0,4092	5,7590		2162757381944165227
4	848	0,22815	4,39505		4,3112	8,1436		0,2888	5,5764		381467371935421065
1	795	0,18139	4,16277		3,8816	7,9952		0,2442	5,6307		7102460972946228505
9	860	0,27476	4,53609		4,9635	7,9723		0,3430	5,6784		4142567123792252494
4	856	0,28063	4,62959		5,0757	7,9717		0,3446	5,8119		-7393836116989008088
7	858	0,26279	4,49712		4,4058	7,9995		0,3288	5,6465		-4989888110634672579
6	820	0,19094	4,33278		4,8635	8,0687		0,2496	5,6987		7386753359836916851
7	834	0,22581	4,38728		4,5783	7,9841		0,2850	5,6312		-1853486786950880192
2	865	0,22802	4,57135		4,9046	7,9997		0,2830	5,6844		2469823187384115240
0	834	0,18384	4,44958		3,9536	7,9829		0,2369	5,7515		-1855244844254488950
9	854	0,29047	4,5582		4,4282	8,0530		0,3664	5,7584		4057500399963044866
12	849	0,2869	4,52195		4,8319	8,0108		0,3624	5,7254		-7799931303673957653
6	883	0,29084	4,71105		4,1295	7,9987		0,3525	5,7271		-5013735350825042498
11	859	0,26626	4,59976		6,1394	8,0998		0,3332	5,7710		-8636701574516337819
7	890	0,2766	4,75394		4,6840	8,0195		0,3341	5,7585		-6269364531372630073
8	856	0,23048	4,65466		5,5099	7,9997		0,2891	5,8576		7715383302266136883
3	858	0,2327	4,64189		4,4618	8,0405		0,2925	5,8429		-275012087425721894
9	849	0,25703	4,61947		5,1605	8,1785		0,3242	5,8314		7955856209840310514
1	804	0,20208	4,25973		4,4015	8,0417		0,2711	5,7190		542814063456181121
7	840	0,24673	4,37568		4,1672	8,0032		0,3134	5,5953		4592295378229096516
4	807	0,16312	4,21382		4,4822	7,9982		0,2174	5,6301		461683365240384133
2	794	0,19163	4,17191		4,3849	8,0270		0,2577	5,6374		-773373763300892565
8	830	0,20818	4,30549		4,9687	7,9651		0,2699	5,5953		1051776607812789831
2	833	0,23179	4,5173		4,8815	7,9997		0,2983	5,8338		2152104968309448610
0	836	0,21711	4,46189		5,0429	7,9955		0,2781	5,7356		3625162901416599575
6	872	0,23905	4,63176		4,8461	8,0521		0,2926	5,7035		-5934807167740753587
5	825	0,19652	4,36826		4,8849	8,0523		0,2550	5,6922		430310351811840126
4	882	0,26167	4,72819		4,0537	7,9904		0,3110	5,7531		8831096861631425905
1	814	0,14532	4,30759		3,5326	7,9859		0,1907	5,6870		6606775103095774679
6	847	0,21521	4,46364		4,1379	7,9979		0,2721	5,6726		-5771105126282611867
6	880	0,25349	4,5907		6,1026	8,0741		0,3089	5,6148		-3456081234029318108
4	865	0,20755	4,54929		3,4639	8,0265		0,2579	5,6651		6573636013608448969
2	859	0,21082	4,54737		5,3708	7,9955		0,2632	5,6988		2205611866173640222
14	836	0,29696	4,38959		4,9290	8,0918		0,3820	5,6706		-8607156254529684041
6	861	0,18539	4,5058		4,2868	7,9939		0,2306	5,6189		-2558111150900285555
17	898	0,32831	4,74964		5,0723	8,1472		0,3917	5,6790		-4398493588419151048
11	901	0,33065	4,89681		5,2737	8,0396		0,3950	5,8504		6504796701795283162
4	835	0,22107	4,46946		4,0165	8,0960		0,2845	5,7618		-5674674268689159943
9	847	0,28583	4,61591		4,6818	8,0936		0,3614	5,8680		-2323901844117949470
8	830	0,20713	4,45548		4,7027	8,0907		0,2695	5,7974		-6195002329192999618
11	867	0,27717	4,70304		4,9912	7,9984		0,3432	5,8431		-1674054873341674996
6	845	0,24328	4,45099		4,6290	7,9977		0,3101	5,6847		-4739595067202774505
12	857	0,30746	4,49992		5,1226	8,0134		0,3865	5,6650		6699324845610060701
6	888	0,24153	4,75078		5,2708	8,0594		0,2914	5,7532		-2186557029661948208
9	869	0,24768	4,59455		4,6341	8,0480		0,3067	5,7020		3170518402127364170
10	895	0,30949	4,79104		5,0979	8,1613		0,3717	5,7623		-8154192430487458643
12	840	0,24989	4,39		5,6829	7,9985		0,3182	5,5981		2693394855218314510
4	876	0,26295	4,67401		4,6693	7,9890		0,3219	5,7398		-3304034279418428714
9	876	0,29788	4,71157		4,6321	8,0973		0,3635	5,7703		1604829698581314365
16	909	0,38373	4,94534		4,4671	8,0568		0,4514	5,8451		-2252336199285385840
2	824	0,22884	4,39802		4,3711	8,0195		0,2977	5,7336		1816583109177044185
5	839	0,21236	4,43436		5,4367	7,9839		0,2727	5,7058		-3036535875546434386
4	845	0,25571	4,49211		3,8379	8,0220		0,3223	5,7034		-2068302953810406876
9	838	0,27611	4,42968		5,2237	8,0421		0,3519	5,6637		9022881921744737606
14	831	0,19424	4,32278		4,9088	8,0570		0,2497	5,5792		-6241278127700847498
5	859	0,21588	4,63753		4,1371	8,0998		0,2695	5,8094		1131745784214133414
4	880	0,26132	4,71052		4,1925	7,9879		0,3185	5,7574		-3700791548356199856
13	893	0,28906	4,70054		4,6822	7,9862		0,3488	5,6792		-2849120373694629240
6	885	0,25372	4,72116		3,8447	8,1429		0,3085	5,7539		-3248085718423631696
7	848	0,20038	4,43403		5,4398	7,9847		0,2538	5,6415		9962704189681797
1	850	0,19493	4,51674		2,9601	8,0369		0,2441	5,7051		-6711683512577858138
5	819	0,22464	4,39356		4,7678	7,9973		0,2940	5,7684		7128401203688699079
9	891	0,28616	4,69292		4,3653	8,0084		0,3449	5,6745		-8103523306124013529
1	796	0,14806	4,21856		3,2199	7,9985		0,1991	5,6993		-4049814549065061885
6	854	0,30178	4,54979		5,7510	8,0149		0,3789	5,7256		6543461880396202272
11	863	0,26247	4,52222		5,2992	7,9963		0,3245	5,6302		-213929376602081627
6	848	0,23433	4,42518		5,0979	8,1145		0,2973	5,6259		74099731215190478
11	835	0,29115	4,52906		4,1042	8,1532		0,3747	5,8513		-339697884750250676
9	848	0,29549	4,43991		5,9947	8,0392		0,3736	5,6391		5545765079473718092
2	812	0,15675	4,33975		4,1043	7,9935		0,2062	5,7232		-735912053234603912
4	825	0,16706	4,36233		3,1583	8,1978		0,2181	5,7082		-1202111061652577427
2	868	0,21541	4,55842		4,9584	8,0496		0,2664	5,6449		2864130064642358657
7	881	0,26077	4,64741		3,8230	8,0191		0,3152	5,6598		1919074611431803595
4	849	0,26146	4,53517		4,1649	8,1175		0,3314	5,7523		-4813839741946647862
3	833	0,22013	4,36336		4,2879	7,9977		0,2840	5,6503		-8405301953329471456
7	864	0,2392	4,6986		5,4569	8,2165		0,2969	5,8460		-6037522510522284746
0	854	0,2195	4,51388		4,1609	8,0481		0,2762	5,6924		-1480947995901686573
2	839	0,17946	4,45446		3,7944	8,0597		0,2293	5,7009		-327446593096619813
10	849	0,2734	4,51483		5,1527	8,0928		0,3453	5,7098		-3807495666969153834
7	885	0,23895	4,67883		3,6914	8,0255		0,2889	5,6831		6332934966044045557
3	890	0,26241	4,70122		4,7009	8,0482		0,3166	5,6885		-320390833433881682
6	831	0,21253	4,35108		5,2757	7,9978		0,2742	5,6355		1032986107694218013
9	878	0,29601	4,71216		5,4125	7,9975		0,3616	5,7755		2142856118949990610
7	876	0,26082	4,73095		5,3669	8,1590		0,3193	5,8056		5897902699388512698
3	850	0,19229	4,59604		4,0923	8,0303		0,2420	5,8148		4704987579609009465
6	841	0,21659	4,47403		4,2279	8,1273		0,2774	5,7335		449342214741531063
10	871	0,28681	4,52777		4,4795	7,9999		0,3535	5,5924		-6365509466300149714
7	870	0,23068	4,66139		5,0114	8,0755		0,2860	5,7864		3086738661858967414
9	870	0,28496	4,70853		4,9151	8,0803		0,3517	5,8360		5144456551992125798
5	817	0,19432	4,26731		3,1364	8,0904		0,2546	5,6017		2075699403305099012
14	903	0,34915	4,7402		4,6227	8,0066		0,4162	5,6601		-5510691862540073389
5	901	0,27582	4,72596		3,6749	8,0163		0,3295	5,6503		-7056622782798670963
5	840	0,22598	4,37698		4,7593	7,9870		0,2898	5,6165		3954663970082801850
4	864	0,18077	4,50963		5,2270	8,1026		0,2251	5,6306		5127559029399951889
2	823	0,20599	4,37988		4,1767	8,0370		0,2686	5,7356		-8963071994300059005
4	823	0,15675	4,38164		3,6746	8,1270		0,2047	5,7312		8237161374694183767
2	856	0,2099	4,55563		3,2641	7,9939		0,2626	5,7155		8235585762647096015
5	887	0,22427	4,7145		5,0968	8,2512		0,2718	5,7282		-719605059937947358
6	826	0,19747	4,32044		4,3418	8,0525		0,2569	5,6415		4354379033762570320
16	884	0,33337	4,68204		4,5967	8,0464		0,4031	5,6845		2350574493783982754
4	816	0,16098	4,31856		5,1439	7,9903		0,2114	5,6960		1287230053331569876
1	853	0,2146	4,55484		3,8762	8,0714		0,2688	5,7319		5644366587777012781
3	844	0,22887	4,43682		4,3603	8,0369		0,2907	5,6641		3600095915962375713
5	870	0,24393	4,62076		3,3469	8,0179		0,3014	5,7193		7093732465884468782
11	879	0,2955	4,73403		5,1532	8,1553		0,3602	5,8080		488783042370938888
11	864	0,32507	4,63274		5,0144	8,0473		0,4030	5,7656		2685871556298162013
10	794	0,19866	4,15336		5,0552	8,0552		0,2688	5,6301		8922314662921241524
6	917	0,41429	4,99061		5,2816	8,1284		0,4842	5,8541		-8280868017790804432
4	866	0,25431	4,56911		4,5396	8,1352		0,3160	5,6916		-6218866577892835262
3	829	0,21582	4,30066		5,3199	8,1618		0,2801	5,5945		-3275484675607900784
3	880	0,2119	4,62717		3,5162	8,0363		0,2574	5,6550		6243544293535729814
1	865	0,21632	4,54808		3,8615	8,0373		0,2697	5,6719		-6009011480772165424
2	846	0,17074	4,4951		5,3869	8,1117		0,2161	5,7174		-70697951604944276
0	827	0,15524	4,34295		2,3735	8,0413		0,2017	5,6660		8966294138004216538
5	827	0,1578	4,37353		3,6533	8,1943		0,2050	5,7021		-8979872575633544531
6	884	0,2196	4,71617		4,8463	8,1535		0,2661	5,7404		-6570294222309407573
7	847	0,20964	4,58538		4,1077	8,0030		0,2660	5,8199		706034231389565699
3	856	0,19745	4,55235		4,0896	7,9839		0,2470	5,7273		-2799457652297926912
7	874	0,25212	4,61682		4,1690	8,0429		0,3111	5,7039		-8695177345494047569
7	891	0,29845	4,69275		4,8543	8,1627		0,3605	5,6774		4235197085150817105
2	821	0,14897	4,36		4,2858	7,9950		0,1947	5,7224		2026555565730327705
8	861	0,23403	4,5702		3,5359	8,1947		0,2928	5,7258		-9133529780641159170
3	867	0,20548	4,62869		4,9879	8,1409		0,2529	5,7419		7648044913431688360
12	847	0,2843	4,59836		5,2311	8,0111		0,3603	5,8407		-3603790235066786872
8	826	0,18034	4,3034		4,3823	8,0235		0,2346	5,6120		3628888400415469140
3	802	0,15109	4,14543		3,4958	7,9989		0,2015	5,5718		-2939268741592318846
9	874	0,20472	4,63835		3,9575	7,9976		0,2512	5,7066		5838028224718008952
7	843	0,24835	4,51193		4,7190	8,0415		0,3177	5,7801		-5448885091020333817
10	849	0,32918	4,62181		4,6909	8,0780		0,4172	5,8674		915094583031630444
9	840	0,26907	4,55301		5,5957	8,1246		0,3434	5,8323		4074116284948852334
5	872	0,22543	4,61002		3,2771	7,9942		0,2769	5,6847		2373359340277266003
4	818	0,17749	4,2582		4,9479	7,9986		0,2337	5,6132		-6880698631605870468
17	856	0,33041	4,52281		4,6994	7,9888		0,4149	5,6962		-1672478957747288912
5	809	0,18516	4,23994		3,9023	8,1259		0,2462	5,6503		-6564716722713586343
2	843	0,17763	4,51648		3,5105	8,1231		0,2264	5,7772		2563534705664692031
4	871	0,24547	4,61115		4,9112	7,9646		0,3033	5,7024		3869941603987086471
3	859	0,22262	4,51838		4,0509	7,9923		0,2782	5,6655		8319877380150030594
5	843	0,17759	4,46286		3,7188	8,0245		0,2256	5,6952		5196341118442154255
11	896	0,33497	4,80256		4,9040	7,9995		0,4010	5,7666		-8845123294462228071
3	879	0,27054	4,66258		4,9169	8,0370		0,3297	5,7112		-1001180490664937732
4	844	0,17824	4,47453		3,8118	8,0610		0,2259	5,6999		-3978184366474698282
4	871	0,22286	4,59136		4,5148	8,0365		0,2747	5,6708		6641675175615321101
2	816	0,1747	4,31591		4,0411	8,1093		0,2287	5,6802		7214735146118595984
10	849	0,29553	4,51206		4,1715	7,9859		0,3705	5,7109		-2106352167896186971
5	828	0,27335	4,50209		4,6046	8,0857		0,3543	5,8591		2235517602027628215
12	844	0,24566	4,39782		4,6458	8,0511		0,3125	5,6189		-6309816551501785594
4	832	0,22625	4,44964		4,9606	7,9988		0,2922	5,7618		1398253909668617641
7	848	0,25947	4,57826		5,7198	7,9967		0,3277	5,8043		3048518944071727806
4	901	0,26244	4,77931		3,7084	7,9979		0,3134	5,7153		511771008806902467
7	846	0,24374	4,53935		4,5108	7,9935		0,3037	5,7435		8915353483483936352
4	839	0,23187	4,48513		4,2692	8,0325		0,2960	5,7517		2834674104781086009
12	904	0,28054	4,87579		5,2178	7,9983		0,3322	5,7918		4520907702597532535
6	841	0,24234	4,35104		4,0045	7,9913		0,3108	5,5861		275303048672117546
9	831	0,24488	4,3382		4,1917	8,1630		0,3152	5,6035		6850826830518634168
5	854	0,23281	4,62136		3,8562	8,0305		0,2923	5,8271		-2795574681316587794
4	817	0,21877	4,41413		4,7355	7,9850		0,2874	5,8261		-1764428085578707338
4	824	0,18341	4,32823		4,3185	7,9960		0,2384	5,6623		-7576635462895223374
1	845	0,17645	4,40683		4,8429	8,0693		0,2231	5,5937		-1788494178049903270
11	833	0,28674	4,39442		5,2110	8,1835		0,3684	5,6843		6098286686956432199
1	875	0,23427	4,67933		3,8734	8,0056		0,2817	5,7404		8133418608660132946
8	812	0,17243	4,32852		4,9839	8,0688		0,2287	5,7471		-3951138646001549514
5	862	0,23178	4,54993		4,6966	7,9966		0,2891	5,6994		-365109214486220855
3	883	0,22246	4,76744		3,3992	7,9958		0,2699	5,8141		-8508481861893877993
7	874	0,25739	4,75656		4,7709	8,0948		0,3173	5,8709		4471321085446401049
7	837	0,26354	4,44362		5,7869	8,0049		0,3384	5,7236		-6731666235741691358
