0	795	0,10514	3,25786		1,8971	8,0800		0,1421	4,4167		3105941784679787004
0	827	0,10394	3,34716		1,5658	8,0545		0,1344	4,3650		4004176106241938462
0	868	0,13981	3,65395		2,4737	8,1608		0,1723	4,5194		-2085429409919069575
0	818	0,12586	3,3256		2,6150	8,3301		0,1649	4,3645		-6051588557801808586
1	878	0,12058	3,64924		2,5669	8,2538		0,1476	4,4792		2998024082762838698
0	856	0,15122	3,46311		3,9494	8,2061		0,1903	4,3652		-8866171103818252393
0	835	0,13637	3,42756		2,0837	8,0929		0,1755	4,4227		-1725555456348781315
1	809	0,09748	3,2565		2,3560	8,2725		0,1299	4,3426		-1823289310626678611
3	873	0,13386	3,64956		3,1348	8,2423		0,1650	4,4987		1512331504746084546
0	883	0,12248	3,55571		2,3668	8,2515		0,1491	4,3311		-4123311129811904613
0	853	0,12669	3,43352		2,7422	8,1810		0,1598	4,3369		8878072625490384161
0	868	0,1294	3,56219		2,9665	8,2405		0,1604	4,4223		-198170898562229428
0	834	0,12514	3,47909		2,7391	8,2262		0,1614	4,4934		-7552287999159953587
0	852	0,12349	3,52987		2,2481	8,1837		0,1552	4,4531		911999020018949576
0	856	0,10217	3,59797		1,2275	8,2920		0,1286	4,5346		5848848474407829497
0	842	0,12453	3,34371		1,8249	8,2835		0,1591	4,2812		1128986849019781320
4	889	0,15249	3,61924		3,4349	8,1339		0,1846	4,3850		196499067912668171
0	873	0,12384	3,60947		2,1760	8,1631		0,1526	4,4592		-1260592298817908853
0	850	0,11519	3,47997		1,5029	8,2811		0,1455	4,3968		-5984821251905186673
1	855	0,16324	3,58862		3,3786	8,2324		0,2052	4,5223		-8475054005579150870
0	914	0,13413	3,69451		2,0467	8,0898		0,1576	4,3539		-7513262638870859283
0	856	0,12165	3,59063		1,9665	8,1954		0,1527	4,5177		2048137876956449962
0	864	0,10261	3,52932		1,8333	8,2528		0,1281	4,4116		-7464051932564881826
0	857	0,13075	3,59797		2,1106	8,2353		0,1638	4,5165		2745075476799703825
0	890	0,13652	3,663		2,1096	8,2981		0,1652	4,4401		-3675692196891393124
0	870	0,1126	3,51853		1,7245	8,1325		0,1396	4,3626		3859075438308576699
1	917	0,16788	3,83496		2,6544	8,1364		0,1965	4,5013		-3516465135866077224
2	823	0,11513	3,39001		2,0089	8,0537		0,1507	4,4469		9101997188535970477
0	801	0,10548	3,25788		3,3101	8,1818		0,1418	4,3844		-2397308144154096143
2	920	0,16093	3,76379		2,5554	8,2624		0,1878	4,3987		1804748466996161194
0	831	0,11908	3,39405		2,1634	8,3814		0,1536	4,3849		-6284151288187699998
3	886	0,17405	3,55306		2,5465	8,2296		0,2105	4,3166		4751956457030954949
1	885	0,17262	3,71563		3,3865	8,0407		0,2094	4,5124		-8264944077489624453
1	788	0,10546	3,27537		3,2962	8,2173		0,1427	4,4618		7383486155964936503
1	868	0,16307	3,58007		3,5016	8,1012		0,2015	4,4487		4265257362806748499
0	876	0,14476	3,53133		2,4256	8,2533		0,1778	4,3460		7447139157203542130
1	836	0,12027	3,47195		1,8857	8,0469		0,1549	4,4807		7349479541197330940
2	887	0,12979	3,62698		2,6420	8,0641		0,1571	4,4043		7879496582922750837
0	877	0,14556	3,63554		2,0701	8,1022		0,1790	4,4707		2556817004727865208
1	874	0,12796	3,62872		2,3525	8,2238		0,1572	4,4713		-4922447874605543326
0	869	0,15768	3,57898		3,0425	8,1017		0,1952	4,4405		2928366998407919340
2	883	0,14431	3,60818		2,3560	8,2723		0,1751	4,3876		6752978305546876493
1	802	0,13683	3,26183		2,7386	8,1598		0,1833	4,3817		-2450255380145417581
1	803	0,12309	3,30714		2,2515	8,1629		0,1643	4,4153		-7238920792985649322
0	904	0,13084	3,59322		2,1571	8,1598		0,1563	4,2927		-2540301714574264331
1	835	0,13973	3,43929		3,9346	8,0853		0,1802	4,4415		2718103492182132729
4	827	0,13859	3,33016		3,1972	7,9999		0,1796	4,3256		6635052056727236951
0	818	0,10562	3,33004		1,9477	8,1920		0,1384	4,3662		-6841354074536786012
0	879	0,14395	3,66177		1,8744	8,2177		0,1760	4,4909		-1059430850529934731
0	877	0,15496	3,64433		3,9869	8,3175		0,1901	4,4849		778983804379956873
0	859	0,12569	3,54798		2,2337	8,1430		0,1571	4,4464		-7953639681231584146
1	822	0,11519	3,34265		3,2084	8,2925		0,1506	4,3765		-7339031466697515851
3	881	0,16649	3,5753		3,5641	8,1344		0,2031	4,3716		5944052869530569983
2	825	0,12097	3,37296		2,6839	8,1902		0,1574	4,3993		-5259161009371476383
2	877	0,13839	3,5776		2,2129	8,1944		0,1700	4,3982		632461477310403827
0	844	0,11523	3,63015		1,6791	8,1709		0,1462	4,6210		2845069868041656712
5	816	0,15066	3,44941		3,3520	8,0373		0,1989	4,5607		-5115382387462909478
0	912	0,1419	3,84246		1,9012	8,2640		0,1678	4,5452		2685062796960286905
0	867	0,10408	3,55505		1,2691	8,2667		0,1284	4,4149		2782687641389479672
0	837	0,11485	3,32151		1,8110	8,2104		0,1469	4,2668		-340881406850293971
0	852	0,10067	3,48416		1,9168	8,0892		0,1274	4,4151		-7591368929316728448
0	834	0,1078	3,46873		1,8785	8,1687		0,1390	4,4783		-7936809304443063780
1	888	0,1384	3,65065		2,0735	8,1736		0,1671	4,4170		-5792295471071513598
2	890	0,14364	3,60443		2,6245	8,1377		0,1735	4,3635		-3665180704053214389
1	830	0,10322	3,34677		1,5928	8,1707		0,1339	4,3535		-1416276591683754719
2	872	0,16372	3,50372		3,3578	8,2316		0,2020	4,3331		6230563327777124585
2	887	0,16284	3,66424		2,3602	8,2629		0,1975	4,4534		5129692001733903752
5	848	0,13184	3,45699		2,7802	8,1951		0,1671	4,3943		-4715701694639255908
0	828	0,12752	3,3687		3,0896	8,0793		0,1657	4,3856		429531804193513757
0	851	0,10667	3,55165		1,3879	8,1517		0,1344	4,4834		7157388776045706197
0	804	0,11269	3,24407		1,7891	8,2964		0,1500	4,3380		1853962556107153271
1	865	0,14248	3,58092		2,4348	8,2568		0,1774	4,4611		1846207379789138795
1	846	0,13096	3,42918		1,7335	8,1766		0,1662	4,3575		-8044117396428421234
2	844	0,13567	3,54285		4,0830	8,1752		0,1721	4,5143		-2777315929479589785
0	872	0,12632	3,55475		1,9453	8,2817		0,1559	4,3963		-7146439952866473295
1	842	0,13162	3,48278		2,7654	8,1446		0,1684	4,4590		730358934474187805
1	898	0,14607	3,62893		3,3437	8,2762		0,1746	4,3510		-4708856340279506244
1	835	0,11774	3,45734		2,7752	8,2566		0,1506	4,4613		2598966196617230715
0	853	0,1358	3,50729		2,3742	8,3476		0,1715	4,4301		6168583245422661513
1	790	0,09782	3,24865		1,9479	8,1783		0,1330	4,4317		3409976238312280485
0	842	0,12886	3,45727		2,6203	8,1938		0,1646	4,4272		4290978270422966182
0	827	0,09616	3,40062		1,6689	8,1303		0,1248	4,4248		-3346060563711875648
0	877	0,09893	3,51822		2,2811	8,1141		0,1211	4,3219		-2202004257873383352
4	812	0,13846	3,27359		2,5120	8,2525		0,1828	4,3380		-6151844829573080563
1	861	0,15448	3,50606		3,6612	8,2334		0,1930	4,3895		8384655104684253312
0	857	0,13346	3,47107		2,7219	8,2020		0,1666	4,3495		6248870016062131770
2	895	0,1341	3,55944		2,7064	8,2072		0,1607	4,2838		1251895231303562156
1	886	0,1286	3,65716		3,8498	8,1954		0,1565	4,4556		7132419931803467567
1	855	0,13245	3,58421		2,9157	8,1259		0,1665	4,5213		-2813495765165019968
0	843	0,13017	3,51734		2,3687	8,1083		0,1653	4,4890		-4247327460377559196
2	849	0,13983	3,51385		2,3759	8,0676		0,1760	4,4478		-1922981338234192885
0	842	0,12642	3,56106		2,0186	8,0571		0,1617	4,5664		6689954988661180367
4	865	0,13192	3,59844		2,3407	8,2334		0,1635	4,4767		1644026886842745471
0	915	0,15272	3,85718		3,2033	8,1444		0,1781	4,5286		6203247170064024213
2	838	0,14016	3,42624		2,2050	8,2803		0,1793	4,3952		3046196404903425431
0	828	0,10809	3,3413		2,0318	8,1564		0,1403	4,3474		-7723730295329180882
0	829	0,11372	3,34945		1,1407	8,1245		0,1474	4,3475		-8642005706787099019
0	856	0,15814	3,50282		2,3127	8,2767		0,1985	4,4060		-3389891742185131944
1	891	0,16175	3,65883		2,3627	8,2143		0,1954	4,4251		7887683751506818802
3	899	0,14676	3,77111		3,9649	8,1336		0,1759	4,5251		-1266331881015719602
3	843	0,13668	3,45227		3,1891	8,2145		0,1734	4,4028		-2809053258388663305
3	866	0,1348	3,54385		2,9595	8,1846		0,1677	4,4137		-1365756711277770183
1	879	0,12994	3,50461		2,1206	8,3188		0,1580	4,2795		8297728997108490506
0	881	0,12873	3,56004		2,7618	8,1736		0,1574	4,3525		8716680215227798502
0	813	0,09533	3,34958		1,7497	8,1242		0,1255	4,4251		-5664383402871932230
1	876	0,14602	3,62707		2,4695	8,2777		0,1794	4,4667		-8230682436271773471
1	859	0,13535	3,53999		2,3600	8,1318		0,1693	4,4387		7584041416909496546
0	861	0,13865	3,53424		1,9105	8,0440		0,1731	4,4273		-160895611992210033
0	870	0,1199	3,49932		1,9630	8,2991		0,1476	4,3117		-568005279309676594
2	865	0,16332	3,65066		4,2818	8,2232		0,2031	4,5537		-5500456873841048053
0	879	0,12245	3,64123		1,6662	8,0932		0,1501	4,4651		-5681612682431851297
0	805	0,11585	3,30075		2,6886	8,0123		0,1552	4,4282		8748537200138119280
6	918	0,20534	3,82097		3,2861	8,2275		0,2410	4,4912		-8157746409581042338
3	919	0,20744	3,80139		3,5899	8,2224		0,2427	4,4587		-2955936507957153485
1	857	0,12777	3,5077		3,2748	8,0951		0,1598	4,3994		7223683738186468784
1	849	0,13777	3,49971		2,9018	8,3033		0,1746	4,4401		-7542594202903040140
1	853	0,14977	3,4598		4,1514	8,2435		0,1887	4,3705		-8785430294312693817
1	848	0,11329	3,50241		2,2298	8,1928		0,1439	4,4598		326243227610526358
1	915	0,15539	3,69102		2,6753	8,2081		0,1824	4,3358		-1074806006299831076
1	827	0,11348	3,26152		1,7123	7,9837		0,1473	4,2420		1675118362947454225
0	849	0,11862	3,42019		1,9457	8,2190		0,1500	4,3438		6879713943020590682
0	845	0,12707	3,47996		1,8176	8,2073		0,1616	4,4378		-1977432142492057466
0	885	0,12888	3,55687		1,9456	8,2409		0,1570	4,3359		-2960175016155274723
0	823	0,13552	3,39448		3,1198	8,1583		0,1767	4,4390		301988203144498963
0	792	0,10017	3,21279		1,8517	8,0418		0,1355	4,3602		3168554334856670683
0	887	0,13787	3,79185		2,2934	8,2302		0,1671	4,6081		-2975857650277945880
3	855	0,17253	3,61559		2,9599	8,2186		0,2161	4,5417		-1727482048697586206
0	842	0,13534	3,46507		2,0822	8,2043		0,1725	4,4335		-9142455048967338726
0	832	0,12171	3,3893		3,0887	8,0905		0,1570	4,3855		6551306330296328963
0	875	0,15091	3,56013		3,5823	8,0907		0,1856	4,3850		622616849942522039
1	869	0,15666	3,6228		3,2736	8,1624		0,1933	4,4926		6401820517002466254
2	888	0,13647	3,65575		1,9679	8,1601		0,1652	4,4369		4533895533101405977
5	844	0,15006	3,5286		2,7885	8,3005		0,1915	4,5092		-1405953302340934402
2	855	0,1354	3,42974		2,7132	8,1229		0,1708	4,3310		-7694617481790896001
0	837	0,12806	3,46276		2,2003	8,2056		0,1642	4,4492		-3129968321056176841
0	906	0,14147	3,68466		1,6704	8,0495		0,1673	4,3735		-8970203453862452263
0	810	0,11305	3,28316		2,1442	8,1672		0,1503	4,3695		-614016008452055058
1	839	0,13784	3,42545		3,4558	8,2887		0,1763	4,3968		-1152506764994958110
0	855	0,11997	3,5721		2,0383	8,2741		0,1504	4,4922		-8071990454262510681
0	846	0,11571	3,5804		1,8993	8,1070		0,1471	4,5593		312434927145009012
1	886	0,13439	3,74163		2,9246	8,2500		0,1627	4,5458		-695911437978523802
1	889	0,14405	3,63944		4,3860	8,2712		0,1744	4,4119		-6944667325384348649
1	794	0,10878	3,41428		2,0046	8,1542		0,1477	4,6421		-2619279037453788321
0	812	0,1104	3,38421		1,7471	8,3543		0,1442	4,4699		4069160211114199514
0	861	0,13184	3,55634		2,4885	8,0373		0,1634	4,4502		1995258803085324527
0	851	0,1437	3,62364		2,6113	8,3266		0,1794	4,5705		-8125097281648799386
0	897	0,14784	3,72711		2,5192	8,1279		0,1772	4,4789		484091790350939599
0	925	0,15912	3,78103		3,5175	8,0686		0,1851	4,4068		3539616295586157903
0	824	0,1122	3,31871		1,5897	8,1258		0,1470	4,3497		193509067523071622
0	878	0,14905	3,5697		1,8497	8,2723		0,1825	4,3892		1016468956987354029
2	830	0,14851	3,33103		3,1904	8,3231		0,1923	4,3123		8930184562901408799
2	830	0,12864	3,40696		2,3957	7,9967		0,1661	4,4103		8740144316347030763
5	870	0,18516	3,5149		3,2002	8,2439		0,2288	4,3521		7784882650081745180
2	864	0,11802	3,5774		1,7434	8,2023		0,1455	4,4551		-1582155163526140962
0	842	0,13404	3,43369		2,1058	8,0729		0,1697	4,3822		-2110563034966290006
0	912	0,14596	3,90177		2,4606	8,2216		0,1719	4,6009		-589796690893632743
3	866	0,14316	3,70895		2,4351	8,1719		0,1779	4,6166		6667092215678728981
0	855	0,13396	3,5038		2,4410	8,1330		0,1686	4,4089		-1137300691879160962
1	859	0,13607	3,59403		2,7500	8,2813		0,1702	4,5087		-5309477624144580995
0	840	0,11027	3,43359		2,4822	7,9984		0,1416	4,4093		5842800947377639448
0	818	0,10866	3,27696		1,4965	8,1396		0,1429	4,3204		-2430854320538776886
0	837	0,11707	3,40943		2,1755	8,3135		0,1489	4,3686		-8816254797496388824
0	828	0,11794	3,43205		2,2595	8,2778		0,1530	4,4642		3851280373007843805
0	844	0,1243	3,44747		2,0801	8,3599		0,1579	4,3905		-3445712792881575811
0	820	0,11351	3,36484		2,1037	8,1943		0,1470	4,4163		-2726912400032922361
1	886	0,17761	3,66017		2,4891	8,1426		0,2150	4,4380		-629755274722133752
3	908	0,15	3,7521		2,9397	8,0867		0,1773	4,4473		-4263761106631113538
0	834	0,12496	3,48766		1,7711	8,2305		0,1608	4,4993		8157049935670653871
0	838	0,12033	3,38203		1,8830	8,0852		0,1535	4,3514		-346161279357274227
1	891	0,16037	3,70648		2,5959	8,1786		0,1933	4,4657		-7535498938216853663
1	896	0,15075	3,66673		1,7763	8,1577		0,1809	4,4043		-2333176603306255284
4	871	0,16525	3,5776		2,6693	8,1066		0,2039	4,4243		4682843204725324394
0	855	0,09422	3,42186		1,4711	8,1002		0,1187	4,3222		5881395561745279889
4	839	0,14349	3,51761		2,8460	8,2860		0,1840	4,5199		-4804797310261048569
3	878	0,16575	3,60532		2,6976	8,0990		0,2022	4,4147		8698488192570092646
2	872	0,14442	3,45578		3,2595	8,1927		0,1786	4,2739		-1686507725387659971
0	868	0,11859	3,54588		1,6879	8,0823		0,1450	4,3956		8651428498511126587
1	831	0,13099	3,45067		2,8220	8,1978		0,1694	4,4708		4652712052692003302
0	854	0,12161	3,54427		1,5414	8,1576		0,1530	4,4749		4628891335768078878
0	836	0,13203	3,47523		3,7303	8,2641		0,1699	4,4815		-1933911631853149429
1	854	0,09916	3,54133		2,2528	8,3442		0,1240	4,4739		5848609827927102760
1	888	0,13264	3,70146		1,9299	8,1019		0,1605	4,4890		1867741545575080313
2	864	0,14537	3,48428		3,6825	8,1960		0,1808	4,3378		-7434332332934898118
1	905	0,15172	3,74432		3,2399	8,1509		0,1796	4,4514		-6986648979961872498
0	821	0,1219	3,37779		2,7283	8,3110		0,1595	4,4303		1178793952035792105
0	855	0,11859	3,55673		1,9542	8,1559		0,1496	4,4864		7493376110007434579
0	911	0,16004	3,75395		2,8089	8,0811		0,1895	4,4499		2919235969677215670
2	884	0,1564	3,74501		2,9015	8,2917		0,1906	4,5691		5573122160002312655
0	869	0,13931	3,46049		2,2277	8,1260		0,1721	4,2854		2646805614834216834
0	879	0,149	3,57594		2,6935	8,2563		0,1826	4,3888		3842935171695906202
2	883	0,13183	3,66121		1,7732	8,2650		0,1606	4,4675		-2791571555931746752
0	808	0,09925	3,39491		2,4208	8,0928		0,1323	4,5294		6143726445144468144
0	873	0,14248	3,67872		2,4618	8,2330		0,1756	4,5423		-3948347239433612052
3	905	0,15077	3,66088		3,6341	8,2557		0,1779	4,3537		237599590273328519
1	811	0,10069	3,47263		2,1662	8,2747		0,1330	4,6019		-3638468855285640005
1	904	0,14833	3,67503		2,7748	8,1995		0,1768	4,3851		-7002329161368327326
2	839	0,17076	3,4335		3,3159	8,0913		0,2185	4,4143		8174884180735278995
0	879	0,15792	3,56411		3,5718	8,0560		0,1935	4,3697		5441558957418785255
1	833	0,14373	3,41898		3,1761	7,9807		0,1850	4,4165		4990486614058826684
0	851	0,10338	3,47086		2,3450	8,1350		0,1305	4,3939		3093943461444070383
0	811	0,11047	3,24902		2,0283	8,2568		0,1456	4,3098		521028782849113816
2	852	0,13632	3,55559		3,2320	8,2847		0,1724	4,5033		-2310419739896696931
0	825	0,12194	3,44925		2,9845	8,2595		0,1590	4,5120		-5724758903239203824
2	830	0,14195	3,35797		2,3239	8,1449		0,1831	4,3364		1216438157663570353
0	854	0,11515	3,5536		2,5475	8,3161		0,1446	4,4740		-1141915320973004400
0	846	0,11955	3,50262		2,1346	8,2627		0,1517	4,4509		5744228288525642269
0	827	0,09753	3,36377		1,4454	8,1599		0,1269	4,3865		3775509207727636788
0	842	0,15642	3,51209		3,0793	8,0623		0,1999	4,4924		-1469312562205747751
0	892	0,14806	3,66326		2,5397	8,0621		0,1777	4,4149		2303446433614725251
0	814	0,11909	3,20757		1,9483	8,1341		0,1574	4,2522		4430272456260954611
0	818	0,09433	3,38714		1,2230	8,3053		0,1236	4,4488		-5228635174542132261
1	906	0,16533	3,64353		2,9071	8,1799		0,1966	4,3384		-6232673102226359319
1	829	0,13444	3,42854		2,7861	8,1503		0,1738	4,4496		1146448124773165294
0	818	0,11552	3,38905		2,3900	8,2196		0,1517	4,4623		-2184891832023160006
2	903	0,16796	3,71157		3,1261	8,2093		0,1991	4,4239		2595295652733002860
2	852	0,16286	3,48607		3,1650	8,2705		0,2059	4,4078		-6667291187810158534
0	848	0,12973	3,55761		2,5093	8,3506		0,1638	4,4979		-3887170503246728154
5	869	0,13412	3,57181		1,8660	8,3631		0,1655	4,4239		-1344230585789647486
1	841	0,13268	3,44911		2,7096	8,1292		0,1701	4,4240		-2702130030877352329
0	896	0,15655	3,74123		2,3022	8,3357		0,1872	4,4926		-8533897389891071902
1	873	0,12055	3,54401		1,6673	8,1387		0,1486	4,3776		5009388040246166394
4	837	0,13367	3,44814		2,2888	8,2371		0,1724	4,4492		1004066521380415082
2	898	0,16045	3,66919		2,8981	8,3038		0,1925	4,4115		4399885181929271328
0	849	0,12048	3,51395		1,4695	8,1706		0,1529	4,4648		4410885879881821865
2	907	0,16085	3,73808		3,0469	8,0536		0,1909	4,4441		-3323163096678822126
0	854	0,12772	3,4784		1,9859	8,1402		0,1615	4,3989		-6516209055545520728
0	812	0,12895	3,32578		2,3897	8,1757		0,1698	4,3992		-2305492293040307448
0	910	0,14072	3,75874		2,3767	8,1500		0,1662	4,4403		3265199737366440418
1	839	0,13439	3,48758		2,6295	8,1314		0,1717	4,4724		5709705394680074843
1	890	0,15085	3,59352		2,1617	8,1965		0,1822	4,3504		1542333832118506354
0	838	0,12669	3,31737		1,9094	8,3226		0,1626	4,2636		2941257593486047192
0	811	0,12862	3,27603		1,6497	8,3415		0,1702	4,3446		8293836386714596110
1	813	0,14232	3,34378		2,4727	8,1808		0,1874	4,4324		-5548101582837682986
0	871	0,16814	3,53478		2,7243	8,2472		0,2072	4,3756		-504579841277840333
0	826	0,11672	3,40841		3,6658	8,0979		0,1518	4,4409		98981439441469578
2	869	0,14468	3,60431		2,1989	8,1869		0,1787	4,4667		8304534773845778081
5	857	0,14436	3,53025		4,2253	8,1037		0,1810	4,4375		8276757149647212697
1	891	0,12964	3,52657		1,8091	8,1467		0,1567	4,2728		-6675183553450306806
4	856	0,13861	3,55796		2,3140	8,0801		0,1744	4,4863		5733457743116482286
2	810	0,14521	3,42192		3,7042	8,2018		0,1928	4,5486		8780435318337019654
1	846	0,12332	3,46276		2,3951	8,1102		0,1568	4,4071		-1864854820577328947
0	848	0,11172	3,48211		2,7591	8,3112		0,1419	4,4281		-2929084934555083703
0	825	0,10758	3,35163		1,6847	8,1665		0,1398	4,3661		1547013047553721128
0	899	0,11541	3,67437		1,8572	8,2844		0,1380	4,3986		-7495203373021032682
2	929	0,17765	3,76986		3,0401	8,0698		0,2056	4,3692		7655446053355724849
1	838	0,11723	3,4021		2,1916	8,1135		0,1500	4,3679		5399246765066106870
0	783	0,10018	3,20974		1,9505	8,1972		0,1380	4,4230		-3396437758318144976
0	876	0,13616	3,55152		2,1235	8,1076		0,1669	4,3616		8756743783869598885
0	815	0,1009	3,31024		1,9745	8,2781		0,1335	4,3852		3283346192478769045
0	873	0,12259	3,62319		2,1138	8,1909		0,1504	4,4599		2680226290877697101
4	849	0,14254	3,50737		2,2517	8,1226		0,1804	4,4557		-1488992501215028143
0	849	0,13784	3,47899		1,8396	8,2995		0,1739	4,4121		5638037096697488118
0	882	0,14713	3,67968		2,7295	8,1079		0,1795	4,4975		2411452653299784800
0	881	0,1519	3,68807		2,0432	8,1432		0,1847	4,5012		1093207724324819003
3	857	0,13969	3,52649		3,5705	7,9905		0,1752	4,4389		5638139035800992682
0	853	0,11382	3,54372		1,6183	8,2657		0,1437	4,4773		-8266537639225686719
1	856	0,12951	3,49384		2,8268	8,2599		0,1622	4,3850		-4939878341855592693
0	830	0,14773	3,36702		2,3744	8,2880		0,1917	4,3717		-6937759015684231707
1	855	0,13942	3,5677		2,7340	8,2712		0,1744	4,4764		8666248903466291888
1	796	0,12211	3,21077		2,3929	8,1408		0,1646	4,3501		5656123011553958196
0	817	0,11218	3,27814		2,2149	8,1786		0,1481	4,3312		-2669607140804482652
1	819	0,11748	3,33023		2,2357	8,2087		0,1543	4,3818		-2079620620105992929
1	865	0,12467	3,59041		1,8480	8,2423		0,1544	4,4645		-4297594042619854166
0	826	0,11186	3,39324		1,3537	8,0190		0,1455	4,4201		3559682521303257455
2	897	0,17947	3,67196		3,5360	8,3252		0,2151	4,4091		6909982456373929548
0	851	0,11391	3,49834		1,5269	8,1982		0,1435	4,4237		9170835264806378998
0	810	0,11201	3,31961		2,7827	8,1733		0,1488	4,4212		-1421973723535658444
1	844	0,14491	3,49413		3,3878	8,3107		0,1845	4,4522		5590151619083114503
0	851	0,10779	3,43396		1,5928	8,1372		0,1363	4,3427		-4889616930761374279
0	860	0,14329	3,54493		2,0649	8,2403		0,1793	4,4359		9019265392075709223
2	860	0,16176	3,52685		2,9125	8,2448		0,2017	4,4090		3675103004960498620
0	883	0,1564	3,6262		3,3122	8,1935		0,1898	4,4125		8417350685900015875
0	872	0,12885	3,66608		1,7945	8,1677		0,1588	4,5314		1188187787968257461
1	837	0,13448	3,34476		2,2129	8,1825		0,1726	4,3096		1273160430494497957
0	885	0,14623	3,60115		1,6163	8,2958		0,1776	4,3871		1000436698482088968
0	827	0,09591	3,30736		1,7578	8,2607		0,1251	4,3176		2548827544193055970
0	856	0,15533	3,5871		2,8482	8,1895		0,1946	4,5126		3737265098820376477
0	814	0,09056	3,34846		1,5902	8,2885		0,1192	4,4265		-2995034013436452329
0	867	0,14102	3,52024		2,6602	8,1333		0,1746	4,3678		-7707814417102825297
0	829	0,13018	3,38553		2,6051	8,2633		0,1691	4,3999		-2945533957945154796
0	829	0,09804	3,38583		1,8121	8,2801		0,1275	4,4096		6469885896878182115
0	868	0,14081	3,54265		2,2625	8,3531		0,1735	4,3776		-4231801976595071657
0	832	0,12594	3,42854		1,8519	8,0376		0,1626	4,4395		9113024828414465691
5	854	0,14872	3,39622		3,3765	8,2899		0,1861	4,2646		3058968794009971836
1	915	0,14389	3,80169		3,3546	8,0877		0,1696	4,4865		-1490291245452673140
1	905	0,16172	3,72599		2,7459	8,1819		0,1915	4,4315		-1167238162029206284
2	898	0,14815	3,71648		2,8800	8,1828		0,1769	4,4549		-1644479220530206579
0	808	0,11658	3,35986		2,2848	8,3626		0,1548	4,4741		-276763794090752523
0	891	0,14591	3,66361		2,5534	8,0805		0,1754	4,4228		-8357003081530702670
0	874	0,14452	3,6342		2,5781	8,1388		0,1775	4,4755		6760428334226601649
3	855	0,12701	3,44764		1,8734	8,3364		0,1593	4,3318		-4050389240201028199
3	855	0,14543	3,51564		2,2778	8,1493		0,1819	4,4211		2434393769304597193
0	844	0,14283	3,51337		3,0341	8,1351		0,1814	4,4748		3654024839080634115
0	857	0,14753	3,63778		2,1912	8,2788		0,1839	4,5541		-5411850959105799676
0	851	0,11483	3,52718		1,8078	8,2251		0,1452	4,4671		5529577896010872741
0	838	0,10666	3,40189		2,5342	8,2046		0,1369	4,3782		-7057506090339592389
0	838	0,12797	3,40197		2,1230	8,1474		0,1639	4,3683		-5481349102974878912
0	805	0,10828	3,28694		2,3446	8,3775		0,1445	4,3901		5478858407620080280
3	870	0,14225	3,57333		3,8545	8,1633		0,1753	4,4203		6056974620882170351
1	831	0,12625	3,41306		3,9746	8,1573		0,1632	4,4253		1832055785867133695
1	897	0,1373	3,71729		2,1846	8,2608		0,1645	4,4607		1911605458878812351
0	854	0,12983	3,36481		1,5744	8,3206		0,1639	4,2517		1620110990217990859
0	812	0,09776	3,38966		1,7159	8,1218		0,1295	4,4899		7578458732403283844
2	818	0,12931	3,34629		1,7042	8,1961		0,1694	4,3994		7410013402307709885
0	854	0,13086	3,51434		2,2209	8,1994		0,1641	4,4204		-5712987873425477654
0	830	0,09057	3,4227		1,7107	8,2415		0,1177	4,4536		6988924669151149616
0	846	0,11426	3,43016		1,9216	8,3099		0,1451	4,3630		-5668408832743642678
1	890	0,15623	3,63487		2,5370	8,1338		0,1891	4,4026		3692025309605029777
0	823	0,1077	3,36074		2,1186	8,2623		0,1388	4,3957		-6163850920896780098
4	875	0,18535	3,73343		3,1206	8,2045		0,2277	4,5880		-5397616693698679793
2	870	0,14464	3,58564		2,2471	8,3098		0,1787	4,4310		-5362463846122580233
0	791	0,08509	3,30875		1,9900	8,1493		0,1153	4,4984		-7314455957465368690
1	892	0,13151	3,66418		2,2550	8,1358		0,1585	4,4265		-564557199252344499
0	867	0,15287	3,58407		1,9175	8,1805		0,1899	4,4540		6215077863128529376
2	868	0,14391	3,60911		2,6975	8,0952		0,1784	4,4806		-4515246683990671209
0	899	0,12907	3,57089		2,3460	8,0892		0,1543	4,2822		4656582294628332086
0	829	0,12282	3,42409		2,2991	8,2338		0,1577	4,4351		-1806064476979325892
1	859	0,1413	3,52969		2,4176	8,2010		0,1764	4,4241		-5411082928215523884
2	896	0,1999	3,77057		3,5746	8,2281		0,2398	4,5288		5554025049315430922
0	901	0,13924	3,68123		1,9249	8,1662		0,1661	4,4047		-4998755313109721596
0	867	0,13305	3,51414		2,2482	8,1498		0,1645	4,3576		-2745838443143303355
5	881	0,1451	3,53137		2,8347	8,2784		0,1764	4,2870		-2034365806443714228
2	866	0,14299	3,40905		2,0341	8,0498		0,1779	4,2428		-5286999274999109885
0	869	0,13596	3,59377		3,0024	8,2652		0,1681	4,4537		-8771376997671429150
2	847	0,15787	3,48654		2,6922	8,2629		0,1994	4,4256		-7613712970556866121
1	854	0,13344	3,4741		2,7920	8,1867		0,1677	4,3726		-7788099043823322273
0	819	0,10921	3,30269		2,0706	8,2019		0,1436	4,3482		6560870421784216074
0	842	0,14624	3,31062		1,8333	8,1227		0,1866	4,2315		-8317220386074312269
0	831	0,10607	3,36538		1,6186	8,2904		0,1370	4,3493		5962049066583018225
0	834	0,13278	3,47983		3,2865	8,2027		0,1709	4,4827		6668513150756619097
0	893	0,13567	3,70131		2,2663	8,2019		0,1631	4,4566		13843980828955387
0	797	0,08831	3,33412		2,2460	8,1740		0,1150	4,4782		3381503894317122762
0	825	0,10929	3,34563		1,7048	8,3649		0,1427	4,3729		-660777670769542934
1	870	0,12197	3,56602		2,1358	8,2169		0,1503	4,4130		1971687132445717302
0	852	0,10204	3,51993		1,8184	8,1427		0,1291	4,4582		6796065715131092357
3	867	0,15901	3,54987		2,9589	8,1292		0,1973	4,4096		3101363727320986737
1	926	0,21152	3,78979		2,7428	8,3609		0,2461	4,4140		-4518407217323661652
0	832	0,12363	3,49327		1,9658	8,3266		0,1597	4,5153		797936360425751083
0	813	0,11583	3,38097		2,1033	8,2810		0,1531	4,4886		-8905022308315836500
1	904	0,13315	3,83311		1,9751	8,2948		0,1589	4,5759		3902737880523228260
3	833	0,11065	3,40731		2,0252	8,3190		0,1427	4,4101		-3038581532157744428
0	852	0,12516	3,43477		2,0803	8,0672		0,1580	4,3472		-4222670100092264674
0	846	0,14812	3,43127		3,2646	8,0968		0,1879	4,3640		-4312282559254587320
2	874	0,16596	3,55165		2,6158	8,1436		0,2041	4,3769		884086605600810835
2	869	0,14278	3,50715		2,9169	8,0353		0,1772	4,3537		905971224808732180
5	848	0,14104	3,56404		3,5882	8,3356		0,1783	4,5217		-4141038463228775639
5	874	0,14938	3,46432		3,2324	8,3187		0,1839	4,2747		-3714071931390702204
5	384	0,16774	3,63274		3,0249	8,1793		0,1991	4,3351		-3158080894179690141
0	873	0,14543	3,45684		2,4428	8,1355		0,1790	4,2685		3463710016074069019
0	862	0,15775	3,58761		1,9983	8,2639		0,1969	4,4909		-7186867251464678561
0	834	0,13114	3,36736		1,9555	8,0483		0,1692	4,3522		2718502106288044718
0	835	0,12734	3,46792		3,1922	8,2213		0,1633	4,4495		996457253855383046
0	822	0,10545	3,40888		3,1162	8,1620		0,1375	4,4528		8772369052455814902
1	876	0,12873	3,54287		1,7360	8,1565		0,1578	4,3481		70444489973592622
2	839	0,18633	3,5081		3,9559	8,1342		0,2384	4,4985		-5505289092977632834
0	884	0,1473	3,52659		2,0051	8,3485		0,1795	4,3012		1274605763829100800
0	830	0,12312	3,29867		1,9867	8,2753		0,1598	4,2873		8540117028759974514
0	849	0,13814	3,43938		2,3681	8,2855		0,1727	4,3432		7389802804490636568
0	853	0,15737	3,39337		2,7340	8,2621		0,1990	4,2941		-7617350357927670250
0	895	0,15275	3,71448		1,9780	8,1876		0,1835	4,4622		5656977117400151199
0	833	0,1277	3,39514		2,5729	8,1925		0,1649	4,3927		-7717293559816363655
2	885	0,18925	3,59884		2,8509	8,0072		0,2306	4,3855		-2787815266104661863
1	882	0,16748	3,68967		3,3863	8,1291		0,2039	4,5084		8815484078452916905
0	842	0,10942	3,32151		1,8808	8,1492		0,1391	4,2526		-7786405908898921093
0	826	0,17403	3,36068		3,3789	8,2479		0,2261	4,3801		-8540133042857577047
2	851	0,14191	3,52638		1,7338	8,1327		0,1786	4,4593		4315745915797717248
0	880	0,13911	3,68061		2,6100	8,2107		0,1703	4,5087		9219633650422042721
1	906	0,21211	3,63473		2,6401	8,1078		0,2488	4,3108		7734353002333663548
0	874	0,16727	3,65587		3,6049	8,2891		0,2055	4,4994		-6695553337348003371
0	771	0,08941	3,09977		1,2653	8,1729		0,1249	4,3298		-2450904107357966096
1	842	0,12289	3,51772		2,0743	8,0265		0,1570	4,5058		7955205555371591833
0	829	0,10715	3,33712		2,3103	8,1880		0,1387	4,3244		5327735161704756512
0	812	0,10379	3,25291		1,7469	8,1865		0,1377	4,3177		-2303127441241406332
0	775	0,08813	3,17993		1,5953	8,2282		0,1226	4,4296		-3264895515072501789
3	824	0,13312	3,34424		2,2337	8,2147		0,1723	4,3570		-428932910989422684
7	843	0,13941	3,39127		4,7454	8,1837		0,1775	4,3289		-5939978935200834439
9	890	0,17242	3,72587		2,7743	8,0668		0,2040	4,5077		8969650911292529265
0	865	0,13984	3,51603		2,0595	8,2068		0,1735	4,3776		-6942236551728680798
1	856	0,11736	3,47647		3,4502	8,0724		0,1477	4,3788		4593792421185079108
1	908	0,13409	3,75002		1,8765	8,1417		0,1594	4,4603		-1371672943195427027
1	941	0,19158	3,79967		2,7197	8,2881		0,2196	4,3568		1846305202838937865
1	816	0,1075	3,3041		1,4493	8,1600		0,1415	4,3512		2334950358603319246
1	830	0,12216	3,40429		3,6765	8,2828		0,1585	4,4221		4972806590881073459
2	855	0,10987	3,57452		1,8741	8,2823		0,1376	4,4824		-6100226236444987340
0	884	0,14093	3,67131		2,1970	8,2667		0,1710	4,4661		-3570351431207120656
1	910	0,17694	3,71543		3,8243	8,2322		0,2088	4,3992		-4365592391246970277
1	917	0,15804	3,8735		2,1325	8,2952		0,1848	4,5565		4625974622474236318
0	881	0,12147	3,53357		1,6106	8,0781		0,1482	4,3170		-8294868692012569570
1	845	0,13609	3,47546		2,1232	8,2609		0,1723	4,4245		7660959961809295484
0	852	0,1068	3,58876		1,8467	8,0454		0,1353	4,5491		-7427435372352519153
1	882	0,14728	3,61803		3,3472	8,3349		0,1791	4,4051		-6297248221903668828
6	859	0,18147	3,46463		3,3970	8,3079		0,2273	4,3422		15809113424648075
0	807	0,09464	3,28829		1,6629	8,1510		0,1264	4,3977		-987156944431964616
2	874	0,13652	3,69037		2,9293	8,1815		0,1679	4,5460		396474931250595336
2	887	0,19214	3,62538		3,1581	8,2928		0,2319	4,4040		-7906746611694067237
0	860	0,1059	3,57571		1,7587	8,1812		0,1328	4,4881		-5829615165731422800
1	883	0,15449	3,56369		2,6455	8,2462		0,1889	4,3587		-1556861897776131229
2	874	0,15435	3,64153		2,3542	8,2727		0,1900	4,4960		5537632216589806899
0	842	0,12135	3,41046		2,6731	7,9858		0,1547	4,3665		-6505515182397362996
1	918	0,15915	3,65166		3,2415	8,1126		0,1858	4,2787		7985424815968468696
0	891	0,17302	3,66696		3,0810	8,1144		0,2085	4,4264		5464300856420374127
1	826	0,13652	3,37038		2,6089	8,3236		0,1774	4,3964		-7825123788109401898
2	887	0,17119	3,73077		3,9415	8,2693		0,2070	4,5239		1739019845242497394
1	884	0,13213	3,59986		2,5584	8,2643		0,1607	4,3908		6278625492385390305
1	827	0,09734	3,42613		1,8966	8,1184		0,1268	4,4644		2459590017719297410
0	876	0,13163	3,44935		2,9628	8,1976		0,1611	4,2350		7469667142457889030
0	858	0,10394	3,52854		1,6388	8,2661		0,1299	4,4304		7250591377492790719
0	874	0,13871	3,41065		2,2249	8,2094		0,1702	4,1832		-242732288097819717
0	882	0,13709	3,60269		1,9550	8,3092		0,1674	4,4059		-6292049618466725640
1	863	0,11364	3,47329		2,0121	8,1618		0,1420	4,3450		6798143443406265650
1	865	0,1324	3,55431		2,3227	8,1965		0,1649	4,4374		3134191196874449176
0	857	0,14142	3,56947		3,6080	8,2796		0,1771	4,4794		-6203939261763157011
4	860	0,1427	3,58212		3,8193	8,2158		0,1785	4,4878		7703169318050815455
3	868	0,14883	3,50275		3,0934	8,1666		0,1841	4,3389		-3546869909123200362
0	884	0,15305	3,64648		2,5698	8,1175		0,1859	4,4401		-8588814484450937132
1	841	0,13674	3,43779		2,4471	8,3283		0,1739	4,4075		-2814359852899408624
3	828	0,13723	3,42284		2,7417	8,1328		0,1783	4,4526		6441348868669343865
2	881	0,14673	3,61944		3,0104	8,0798		0,1788	4,4198		5127047243061025481
0	824	0,12065	3,39242		1,8838	8,2155		0,1577	4,4406		7461938321463720128
0	847	0,11626	3,53492		1,8053	8,2070		0,1480	4,5047		2059312361078155857
3	898	0,13439	3,5938		2,0208	8,1848		0,1609	4,3137		-107886994520860994
1	876	0,15653	3,69963		3,2439	8,2964		0,1923	4,5498		-2125841641165450704
1	860	0,12618	3,47699		2,9078	8,1541		0,1573	4,3501		-3222593737187180131
0	869	0,1322	3,59925		2,0381	8,1544		0,1633	4,4582		2300401588989711091
1	896	0,12158	3,67392		1,5090	8,2795		0,1457	4,4140		-195802773347759401
0	871	0,1321	3,63634		1,9249	8,1136		0,1628	4,4837		4939433355279318664
3	851	0,16001	3,5363		3,0508	8,1934		0,2028	4,4826		1005025619428902817
1	852	0,13175	3,55125		4,2428	8,1750		0,1662	4,4842		6925989664462612683
0	827	0,09242	3,38722		2,1600	8,2916		0,1201	4,4234		-3618820893677566556
0	355	0,13938	3,35511		2,6199	8,0676		0,1752	4,2530		-6783859901301142176
0	877	0,14751	3,55697		3,1852	8,3542		0,1808	4,3648		4352273279173498610
6	840	0,13781	3,52583		3,1019	8,1858		0,1761	4,5234		-3830172642513191230
0	886	0,11303	3,67544		1,5195	8,2623		0,1370	4,4604		4183463664409782583
2	845	0,0971	3,35718		1,9340	8,0521		0,1241	4,2908		-1960481270651243876
3	890	0,16514	3,55972		2,7162	8,0972		0,1997	4,3170		-3479499349496112082
0	903	0,14834	3,80498		1,9990	8,1545		0,1770	4,5457		8821689206565863255
0	910	0,14682	3,69226		1,8064	8,0584		0,1736	4,3753		8610791293103049559
0	845	0,13665	3,42546		1,9330	8,2319		0,1731	4,3623		-5596252823984775436
0	851	0,11906	3,49951		2,1751	8,2097		0,1507	4,4397		6804775433065220890
1	893	0,1493	3,6214		3,4563	8,1327		0,1795	4,3619		-2868469278512482306
0	852	0,10807	3,53873		1,9496	8,2601		0,1329	4,4553		-3765686660993972622
0	904	0,16218	3,66082		2,4000	8,2987		0,1931	4,3639		236066996600507423
1	859	0,14216	3,45963		2,1084	8,2857		0,1779	4,3354		-4744010245899770062
0	856	0,11941	3,6066		2,5814	8,2607		0,1501	4,5472		-540765328734075941
3	848	0,11686	3,48563		2,4154	8,0428		0,1488	4,4392		901381228467762936
0	857	0,11192	3,5921		2,2837	8,1788		0,1408	4,5242		-4002717139927158577
0	906	0,12505	3,69046		2,3716	8,2179		0,1489	4,3987		2909781704404958168
5	858	0,16204	3,5037		2,8268	8,1382		0,2032	4,3972		-209889551221494063
3	848	0,13675	3,43494		2,3342	8,1569		0,1735	4,3713		1029197315206627000
0	856	0,13303	3,53539		3,2015	8,1740		0,1662	4,4354		-8037934834351618970
1	867	0,157	3,52655		3,0252	8,0801		0,1935	4,3758		-7912492620845899046
0	853	0,13676	3,5564		1,5731	8,1349		0,1725	4,4894		-1291646887894198666
2	862	0,1349	3,57624		3,1893	8,0895		0,1676	4,4639		5658787198140310202
1	812	0,12141	3,32869		1,7211	8,2584		0,1604	4,4117		6241426511333417794
0	816	0,11618	3,4175		3,0196	8,1336		0,1528	4,5124		8933899123581434005
0	848	0,10424	3,52814		1,9184	8,3166		0,1325	4,4933		-8345725485580262055
0	850	0,13029	3,45998		2,4380	8,2174		0,1640	4,3774		1977928177217657145
0	806	0,12572	3,34594		3,1556	8,1582		0,1680	4,4710		4154648021192412683
2	866	0,11666	3,47156		2,2856	8,3478		0,1448	4,3152		-8957437399072111188
0	872	0,14455	3,62544		2,0947	8,2630		0,1775	4,4715		-752654294452871994
1	859	0,12361	3,45848		2,4686	8,1435		0,1548	4,3377		7075095030477397012
0	834	0,12838	3,40007		2,7752	8,2681		0,1647	4,3901		-6493900983866892230
1	887	0,12911	3,69222		2,2690	8,2782		0,1564	4,4816		8548927245516309359
0	863	0,16327	3,6324		4,4149	8,2754		0,2040	4,5445		-6248678693581760124
1	863	0,15443	3,45692		3,9858	8,2534		0,1916	4,3137		4028783089054881294
1	852	0,12707	3,50986		3,3546	8,2477		0,1603	4,4289		988518213487160770
0	884	0,1399	3,67054		2,0656	8,2851		0,1693	4,4598		7269419975705673539
1	791	0,11643	3,28344		3,1045	8,0650		0,1579	4,4596		-70782025988350742
0	873	0,13709	3,60879		2,2975	8,3075		0,1690	4,4609		-8584483702145269671
1	879	0,132	3,65603		2,8134	8,2520		0,1605	4,4527		-931332890697182761
3	896	0,16716	3,70161		3,0181	8,2089		0,2005	4,4531		-4122402489050672956
5	843	0,17494	3,50177		3,8153	8,2261		0,2220	4,4597		514930274401591204
0	881	0,13921	3,63604		1,9019	8,1771		0,1695	4,4348		-5984401767196652135
0	807	0,10054	3,31705		1,7239	8,0896		0,1340	4,4321		-2744323749509300163
0	874	0,14355	3,56723		3,3598	8,2619		0,1763	4,3883		5511445408253733951
3	876	0,15435	3,6993		2,5443	8,0984		0,1900	4,5604		-5560749540023687118
3	865	0,14976	3,52063		2,8667	8,0531		0,1861	4,3893		-9183520012830890905
5	896	0,19087	3,65148		2,9687	8,1927		0,2285	4,3888		-6996660809864166450
0	845	0,12329	3,46585		2,4406	8,3758		0,1575	4,4297		-1632422670148975303
4	844	0,14006	3,42675		3,8343	8,2534		0,1783	4,3789		2308480404699197800
0	842	0,10852	3,47861		1,7861	8,2096		0,1379	4,4584		1384663509275142607
0	836	0,13201	3,4809		2,0799	8,2004		0,1691	4,4734		5488931055241923832
1	862	0,14392	3,59421		2,0465	8,2558		0,1801	4,4970		727554210380366054
0	853	0,13394	3,39435		3,1101	8,0122		0,1682	4,2799		-7534118455624408851
3	930	0,17018	3,78057		2,6920	8,2456		0,1967	4,3814		-1024862284489466926
0	790	0,08333	3,24909		1,3334	8,2814		0,1129	4,4230		-5312808225353789380
0	871	0,12322	3,56492		2,0251	8,2923		0,1524	4,4146		7233166651111241906
3	844	0,12575	3,52481		2,8244	8,1926		0,1605	4,5032		-1994374051953586756
4	877	0,15312	3,47108		2,5465	8,2223		0,1883	4,2745		6194806032017570789
0	831	0,11013	3,48789		2,4041	8,1423		0,1417	4,5077		-6235780668611251024
1	883	0,16686	3,61449		1,8472	8,1398		0,2031	4,4057		1643680088361929916
0	850	0,10865	3,37496		1,5586	8,2437		0,1369	4,2783		-3399390845940574555
0	871	0,11033	3,57813		2,3284	8,3501		0,1361	4,4202		1272678690631518576
0	928	0,15355	3,80173		2,1274	8,3174		0,1777	4,4149		8503127460426470014
2	926	0,15977	3,79468		3,2804	8,2368		0,1859	4,4167		-2242879559372257706
1	848	0,14607	3,45553		2,6998	8,2587		0,1858	4,3964		-4953109540560090931
2	896	0,15636	3,65503		3,0525	8,0630		0,1878	4,3885		-2293153673792467888
1	897	0,17084	3,62742		3,2997	8,1301		0,2047	4,3487		4040021686210937187
1	899	0,15636	3,74641		3,7916	8,1158		0,1870	4,4869		1313388651410852487
1	903	0,14	3,70723		1,8610	8,3124		0,1668	4,4161		7731913308788905513
0	827	0,11373	3,38837		2,3488	8,1378		0,1483	4,4249		-1988908210118807722
0	835	0,1273	3,35323		3,1906	8,0734		0,1638	4,3265		5644224123044706097
2	845	0,12552	3,4321		2,9536	8,1322		0,1596	4,3790		8158406644354292873
0	895	0,16538	3,63831		3,1857	8,2040		0,1986	4,3852		-8634105324470838265
2	900	0,14222	3,70796		2,0147	8,2620		0,1687	4,4441		9123116786582645446
0	893	0,15712	3,67787		2,7467	8,2415		0,1885	4,4303		1191654204966762061
3	893	0,16983	3,73514		2,5833	8,1282		0,2042	4,4985		-4560195080563118005
0	836	0,12412	3,48962		2,0208	8,1060		0,1595	4,4989		6003773039235365254
0	858	0,12307	3,51887		2,2286	8,2850		0,1534	4,4062		5853631341720796889
0	854	0,10976	3,61304		1,8883	8,2091		0,1376	4,5418		-180737794786964431
2	872	0,14884	3,63686		2,7993	8,2696		0,1835	4,4875		-4791350715737289489
4	828	0,1018	3,31411		3,2377	8,2736		0,1324	4,3219		-7708335034078169574
0	880	0,13399	3,52592		1,9683	8,1199		0,1636	4,3182		4610038320872734267
0	847	0,09776	3,4291		2,3192	8,2123		0,1239	4,3677		5061893621001379819
0	893	0,12714	3,70377		2,2879	8,2548		0,1534	4,4690		7201864599197286221
1	844	0,1345	3,4641		2,6633	8,1226		0,1711	4,4127		-355444441207080951
0	866	0,1121	3,59447		2,2124	8,1541		0,1393	4,4744		8141545873780353165
1	876	0,15354	3,5653		2,5747	8,1454		0,1884	4,3763		-3276519565859958627
0	878	0,10964	3,54315		1,4685	8,2567		0,1344	4,3540		1048431791168314479
0	837	0,10366	3,41352		1,7221	8,1592		0,1331	4,3906		-8982053259951011088
0	846	0,12195	3,37668		2,2121	8,1371		0,1547	4,2932		-2589473104189025052
0	846	0,13526	3,43997		2,9724	8,1709		0,1718	4,3720		-7450075703180581893
2	853	0,13382	3,45452		2,9257	8,2581		0,1686	4,3624		-8740879529119460333
3	860	0,15645	3,4786		2,3092	8,1821		0,1951	4,3428		-1223931263629363650
0	861	0,11287	3,46687		2,6979	8,1458		0,1407	4,3304		-4607988376020538296
0	820	0,12028	3,35677		2,4783	8,2748		0,1576	4,4128		7578665664418251984
0	885	0,14073	3,52184		2,2342	8,2781		0,1703	4,2706		8121444740634989356
0	831	0,13015	3,44997		2,3050	8,1838		0,1677	4,4723		-6583914367090007113
0	867	0,13061	3,57221		2,6372	8,1572		0,1619	4,4441		7701436884202009654
1	872	0,12072	3,60462		1,7530	8,0804		0,1490	4,4536		2156228696479945081
0	866	0,13161	3,58358		3,0239	8,1932		0,1633	4,4555		-7716888814712539551
0	898	0,14362	3,71208		2,0380	8,2293		0,1725	4,4594		-2714817191538600462
3	849	0,1163	3,45306		1,7138	8,1463		0,1477	4,3910		2086225921620289823
0	817	0,09017	3,36987		1,8912	8,1818		0,1183	4,4277		8063719585114356328
1	889	0,11411	3,6581		3,0856	8,0614		0,1376	4,4363		7454281095561743501
3	879	0,1554	3,62057		3,5393	8,0742		0,1902	4,4391		6559028846700424924
0	898	0,16332	3,68961		1,9504	8,2513		0,1953	4,4169		8418512139753433319
1	877	0,14496	3,57566		2,4265	8,2034		0,1776	4,3879		-7430986274137001822
0	883	0,15075	3,56687		2,5418	8,1498		0,1833	4,3414		-2808961877717931715
0	849	0,11073	3,43758		1,7476	8,0673		0,1405	4,3675		-4888118911368198605
0	852	0,11058	3,57369		2,5424	8,3782		0,1396	4,5231		-4871930875310068378
1	875	0,14465	3,60923		2,3423	8,3943		0,1771	4,4274		5269691953010795586
0	814	0,11464	3,36767		3,1689	8,1364		0,1511	4,4568		-1535371388004792523
0	876	0,11864	3,5515		2,5121	8,0621		0,1456	4,3652		7169405215806951436
2	894	0,15325	3,76818		2,0422	8,2031		0,1847	4,5505		-6563742456680376597
1	855	0,11775	3,51421		1,8777	8,1554		0,1483	4,4337		7613631248454292212
0	791	0,08559	3,26733		1,5729	8,2793		0,1165	4,4565		-5219661804289983765
3	880	0,14925	3,58677		2,8416	8,0628		0,1821	4,3851		5685564920322052942
1	857	0,13888	3,59962		2,0842	8,2555		0,1741	4,5243		8921008042586801844
1	854	0,12338	3,45886		3,1093	8,2479		0,1556	4,3641		-7456669351243323782
0	830	0,12355	3,48922		1,8188	8,2142		0,1597	4,5207		-6419567468060232438
0	872	0,12875	3,54103		1,2618	8,0585		0,1589	4,3828		3050049096730701877
2	856	0,13297	3,52437		3,0639	8,1630		0,1673	4,4422		-6492819091397244554
0	847	0,11962	3,49956		1,8033	8,1458		0,1512	4,4272		5459772231070622507
1	826	0,1275	3,52492		2,1779	8,3448		0,1667	4,6088		4757919457327191281
1	916	0,14398	3,76653		2,0862	8,1099		0,1693	4,4302		-2146875561006287153
0	863	0,13429	3,52322		1,9074	8,2910		0,1676	4,3989		4285396120394174939
0	861	0,13522	3,48005		3,4460	8,2446		0,1688	4,3482		969998382823171695
0	880	0,14491	3,58088		2,1378	8,3300		0,1774	4,3944		-5116176718639281358
0	847	0,11711	3,5277		2,0256	8,1053		0,1488	4,4894		-8427630143549747838
1	917	0,17948	3,75982		2,6327	8,3442		0,2104	4,4219		-896250835982302465
1	817	0,11924	3,31983		4,2967	8,1603		0,1572	4,3808		5864985329211880772
0	851	0,12493	3,63463		3,2569	8,2208		0,1578	4,6038		8790209172607126547
0	789	0,09804	3,16394		1,6349	7,9682		0,1336	4,3225		2955133499800004484
1	884	0,17233	3,71347		3,3175	8,0973		0,2093	4,5185		2961167895349562099
2	887	0,14945	3,65833		3,3620	8,2815		0,1799	4,4347		-310109747510584644
1	879	0,13937	3,63729		2,7941	8,2244		0,1708	4,4616		6839010326869348880
1	854	0,13073	3,48659		3,9453	8,2331		0,1627	4,3895		-7155463679083263134
0	789	0,10199	3,21709		1,8724	8,2215		0,1387	4,3856		-6274237800925983429
1	860	0,10557	3,6355		2,3125	8,3128		0,1315	4,5465		-3640352329762105731
2	866	0,15047	3,58083		2,9313	8,2124		0,1863	4,4527		-2486989074077896617
0	871	0,15279	3,53041		1,9403	8,2651		0,1892	4,3739		-4871085067612362374
2	848	0,15272	3,47391		3,2484	8,3375		0,1927	4,4101		2588199157294521679
2	828	0,12118	3,41319		2,7939	8,2280		0,1571	4,4393		-7851017438212056257
0	843	0,13595	3,41416		2,5798	8,2715		0,1735	4,3556		6201076606899860810
1	930	0,14743	3,85429		2,1401	8,2540		0,1710	4,4736		7751738100663861888
1	820	0,12979	3,34891		3,2658	8,1922		0,1701	4,3954		-7747115908019582691
0	859	0,14615	3,59916		2,0531	8,2874		0,1829	4,5174		2120893625354739026
1	869	0,11489	3,6282		1,5396	8,1848		0,1419	4,4907		1563716180720573697
2	852	0,13383	3,55746		2,1941	8,2118		0,1690	4,5013		6079135415406681597
1	831	0,12054	3,43295		2,1636	8,1257		0,1555	4,4497		-6674970625533086843
2	827	0,09114	3,31619		2,9225	8,2146		0,1183	4,3297		-4084957206034829035
1	849	0,12768	3,5288		1,7788	7,9922		0,1616	4,4710		-2271520963102698555
1	848	0,14365	3,38924		2,9063	8,2092		0,1816	4,3016		-4519855208679894837
0	883	0,1485	3,60194		2,9384	8,0419		0,1812	4,3981		1980501957884346076
0	849	0,11963	3,48554		2,5017	8,0626		0,1511	4,4168		-8975069700629743232
0	873	0,13769	3,55359		1,8309	8,3756		0,1695	4,3839		-2243154289545000810
1	834	0,1473	3,43058		2,8616	8,0484		0,1900	4,4258		-615672149963451493
0	819	0,11366	3,39861		2,4500	8,0348		0,1491	4,4749		-3950040574507022486
2	875	0,14883	3,63116		3,3716	8,2857		0,1822	4,4617		4129086164044424859
1	866	0,14185	3,53084		2,0168	8,2729		0,1758	4,3873		-6214158850988896345
2	838	0,11429	3,45723		2,0838	8,2572		0,1471	4,4551		6641358282450102639
0	894	0,15	3,68033		2,5763	8,2962		0,1801	4,4277		-5390535149579686420
2	848	0,14374	3,45358		2,5170	8,3045		0,1819	4,3826		-9044870609278188540
1	851	0,12843	3,5216		2,7062	8,0600		0,1624	4,4569		-8036048180313484068
1	872	0,14449	3,55021		3,1438	8,2525		0,1775	4,3779		-6749883435197999584
0	793	0,10533	3,26828		1,4916	8,2087		0,1434	4,4511		-8640008501716061678
1	844	0,14018	3,39332		3,2671	8,1883		0,1785	4,3262		-5619137781335173266
0	826	0,10886	3,45307		1,7226	8,0952		0,1418	4,5065		342983153622244947
0	876	0,15992	3,68462		2,9670	8,1380		0,1962	4,5320		3983284711770301657
0	869	0,12753	3,52426		2,2550	8,3209		0,1580	4,3749		518685762142215426
0	859	0,14781	3,58583		2,8278	8,1585		0,1851	4,4979		7844975773945876252
2	870	0,14301	3,57905		2,0922	8,3329		0,1765	4,4205		-5425211750879076648
0	870	0,13935	3,62778		2,2112	8,1998		0,1721	4,4847		2894403434588470938
0	833	0,11595	3,44394		1,7991	8,1395		0,1497	4,4610		576389463684447187
1	853	0,13865	3,44939		2,9303	8,2965		0,1743	4,3449		68408499633668202
1	873	0,16613	3,5226		2,3991	8,2664		0,2045	4,3511		-4357060681959010122
0	897	0,14351	3,73354		1,8508	8,2473		0,1720	4,4841		-1460582413904877037
2	859	0,15805	3,57513		3,4350	8,1825		0,1980	4,4854		1629426074617165381
0	842	0,14496	3,41033		2,9377	8,2447		0,1846	4,3659		-3590034139340009778
0	812	0,11943	3,31124		2,4080	8,0426		0,1586	4,4030		5550757195974361941
4	917	0,18458	3,7592		2,8924	8,3539		0,2164	4,4219		-5718486114210796478
0	859	0,11164	3,49736		1,6583	8,0855		0,1390	4,3688		5658977502830612397
1	893	0,14599	3,70877		2,5310	7,9983		0,1757	4,4720		-1793826430755878432
3	893	0,13263	3,66622		2,7758	8,0641		0,1596	4,4221		3703738823821508595
0	840	0,15422	3,47622		2,3063	8,1497		0,1973	4,4464		-1515280973116106155
2	848	0,12816	3,4916		2,5438	8,1555		0,1624	4,4336		-2577524524341973446
0	851	0,13608	3,44245		4,7550	8,2291		0,1718	4,3556		2226766340521928771
1	862	0,12019	3,56479		1,9920	8,3394		0,1498	4,4536		6560725869086296031
2	892	0,1804	3,61814		3,2422	8,1821		0,2179	4,3764		-8947197680099419596
1	833	0,10477	3,41005		1,6971	8,2593		0,1355	4,4185		3729395352635159701
3	824	0,12994	3,45999		2,7652	8,1297		0,1694	4,5207		-7896333624547982901
2	888	0,13924	3,63549		2,7826	8,1924		0,1682	4,4022		4174076461256563389
0	875	0,14192	3,51786		4,3236	8,1454		0,1741	4,3321		-1123706405575431620
0	865	0,12547	3,55294		2,0065	8,1078		0,1562	4,4307		8022047696752481530
1	859	0,1443	3,55783		2,3088	8,1315		0,1796	4,4541		-895968919886751235
0	889	0,13045	3,49732		2,2514	8,2057		0,1581	4,2344		-5510426890653946620
2	847	0,12105	3,45075		2,1530	8,2219		0,1538	4,3941		-5751567026898420803
0	838	0,10945	3,4637		1,7997	8,1707		0,1402	4,4430		2873274441738235837
1	848	0,18328	3,50036		3,6591	8,2221		0,2303	4,4297		1161726962511307413
1	874	0,15498	3,57517		2,3975	8,2170		0,1910	4,4125		-2437595109778100607
3	895	0,16187	3,56583		3,2596	8,3197		0,1940	4,2831		4984660608475176316
0	846	0,13601	3,3938		2,7649	8,2511		0,1730	4,3294		1857331087458746817
0	910	0,11551	3,61099		1,6818	8,2796		0,1367	4,2828		-141854116144280064
1	790	0,08878	3,30873		1,5226	8,1296		0,1204	4,5002		2086738876974883026
0	924	0,16037	3,78026		2,6057	8,1936		0,1864	4,3981		-8840038129307535821
0	874	0,12777	3,54293		2,0508	8,2777		0,1571	4,3631		1535117194509476610
0	808	0,10781	3,25032		1,6174	8,1121		0,1434	4,3431		5591812451430642146
1	886	0,15287	3,60976		2,3017	8,2081		0,1855	4,3888		4900856807762673132
0	836	0,1176	3,43606		1,9696	8,1566		0,1511	4,4301		1762398347263102733
0	900	0,14967	3,71548		2,8058	8,2264		0,1788	4,4513		7531417303223031053
3	884	0,20679	3,58985		3,1437	8,2228		0,2523	4,3843		-7340821587195217518
0	868	0,11732	3,6305		1,7359	8,2136		0,1456	4,5122		-3538079059751637354
1	882	0,16822	3,63651		2,4421	8,2580		0,2052	4,4482		3651236861865405994
0	881	0,1295	3,66199		2,2076	8,2849		0,1580	4,4725		2783266314066862467
0	809	0,10728	3,3062		2,5875	8,3594		0,1419	4,3877		-7944207252118935399
2	824	0,1332	3,43064		2,2695	8,0679		0,1731	4,4759		-8404696190655426324
2	860	0,15572	3,50366		2,8865	8,1665		0,1948	4,3895		2222813965225050401
1	852	0,122	3,3998		2,7463	7,9918		0,1541	4,3019		8001927305444133018
1	860	0,13501	3,47815		2,8858	8,2916		0,1695	4,3679		1562793243329277239
1	870	0,11072	3,61891		2,1150	8,2442		0,1374	4,4924		8988890440889781980
0	834	0,1092	3,35656		1,6782	8,2612		0,1410	4,3392		-452862919602923655
3	883	0,1481	3,65878		2,3352	8,2745		0,1794	4,4566		2071390423279157147
0	896	0,15761	3,65542		3,4791	8,1849		0,1893	4,4001		7208841888345473758
0	899	0,14368	3,66516		2,9140	8,2118		0,1708	4,3709		2792601256301626540
1	840	0,11841	3,38944		2,4021	8,1432		0,1513	4,3425		1280175975736421678
1	886	0,15642	3,68754		2,4104	8,3170		0,1895	4,4779		1477014286552268645
4	835	0,15054	3,44355		3,3787	8,2833		0,1937	4,4413		6116653218927584437
2	848	0,13634	3,52253		2,4880	8,2519		0,1728	4,4734		-2276362903101524110
4	902	0,18694	3,72739		3,5550	8,2026		0,2221	4,4457		-4843793565046340301
0	827	0,13408	3,40979		2,3018	8,1634		0,1734	4,4342		-4669655743058320663
0	825	0,11849	3,32243		2,2946	8,1591		0,1549	4,3462		-7757587384815464426
0	878	0,12636	3,59578		2,0679	8,1574		0,1552	4,4230		5357457728085220250
1	818	0,12486	3,34705		3,5038	8,1463		0,1642	4,4021		1720724260591375338
0	835	0,12802	3,35238		2,9829	8,0797		0,1649	4,3259		1973264643726972332
0	847	0,11573	3,41358		1,8580	8,1647		0,1472	4,3468		7767280205211293456
0	860	0,12753	3,57014		2,0086	8,3261		0,1594	4,4694		-8800462178124764315
1	867	0,14816	3,52943		2,0462	8,1372		0,1837	4,3897		1393405202008897965
1	852	0,1295	3,34711		2,3098	8,2139		0,1633	4,2308		4003696592666645064
0	835	0,11936	3,45595		2,0244	8,3305		0,1538	4,4595		2053759418171638501
0	838	0,11855	3,57016		1,9938	8,3115		0,1524	4,5915		6074209876739444068
2	841	0,13732	3,3967		3,1224	8,1813		0,1753	4,3491		6884197524802342217
5	879	0,16061	3,62949		2,3978	8,3026		0,1968	4,4540		-3098622759956827926
1	809	0,1143	3,33557		2,5721	8,1729		0,1514	4,4335		449456051033097869
2	884	0,13799	3,66904		2,1487	8,2479		0,1678	4,4694		-2837227694271100159
2	853	0,12802	3,51174		2,4881	8,3093		0,1615	4,4394		5536467710935742078
1	817	0,11055	3,30435		3,1457	8,2079		0,1459	4,3610		7571440526359348694
6	895	0,16065	3,75542		3,8721	8,3330		0,1927	4,5195		-3119132354610020046
1	882	0,15502	3,65649		2,7190	8,1250		0,1887	4,4689		5729545642597275382
1	883	0,15963	3,55974		1,9431	8,2636		0,1945	4,3468		8374512676525578368
2	831	0,13713	3,38039		2,1594	8,0669		0,1771	4,3774		-5662348466666106913
0	851	0,1213	3,53808		1,8477	8,2528		0,1526	4,4713		-5266443792258297678
0	827	0,12167	3,38042		1,8507	8,2611		0,1585	4,4098		-5473621630640299053
0	912	0,1426	3,8318		2,3366	8,1902		0,1683	4,5318		793599629460999289
3	881	0,14699	3,73792		3,4808	8,3319		0,1795	4,5750		-7687263969155500305
0	906	0,16344	3,71981		4,4612	8,2291		0,1944	4,4229		3720066744386794529
6	899	0,15829	3,66688		2,9907	8,2883		0,1869	4,3937		-1020052902530184580
0	822	0,09697	3,36673		2,4278	8,1741		0,1266	4,4059		1729916579880856581
1	887	0,14962	3,71738		2,5824	8,1218		0,1809	4,5204		2103096049040923269
0	856	0,1263	3,53035		1,5882	8,0957		0,1587	4,4470		-8736522528116261308
0	867	0,13769	3,54757		3,1835	8,0936		0,1705	4,4034		-608367246737030999
0	864	0,14782	3,60793		3,7351	8,1366		0,1834	4,4925		6684957867586923444
0	899	0,1294	3,63758		1,9873	8,2056		0,1536	4,3530		-2371172588243636174
0	921	0,15582	3,85321		2,4191	8,1569		0,1813	4,5017		-7837490194973059050
2	892	0,15259	3,67814		2,8402	7,9987		0,1833	4,4391		-5288362469359460507
0	887	0,14772	3,56899		2,2331	8,1476		0,1790	4,3279		-6192359603954006645
0	859	0,13158	3,49858		3,5265	8,1218		0,1648	4,3889		6744583560160653851
0	834	0,1072	3,43647		1,7093	8,1545		0,1386	4,4451		6743692052489605958
0	826	0,11512	3,36317		3,2869	8,2294		0,1490	4,3901		-2317056031825315440
0	817	0,12593	3,3561		2,1201	8,2518		0,1654	4,4308		-9041445863805389949
0	871	0,15955	3,59142		3,1038	8,0590		0,1969	4,4406		8965476172658187642
1	828	0,11326	3,35123		2,8508	8,0244		0,1472	4,3630		-5510991597405188936
0	856	0,15168	3,59263		2,7633	8,1183		0,1904	4,5176		-680984898150202787
3	848	0,13873	3,57306		4,2918	8,2257		0,1756	4,5392		7143260877747272201
0	894	0,15979	3,64758		2,6649	8,3309		0,1926	4,3991		6677421291773821213
0	822	0,08775	3,28139		1,3915	8,2518		0,1148	4,3027		2091229259021737728
1	855	0,13908	3,5546		2,8104	8,1813		0,1748	4,4817		2722731994473038804
0	832	0,09807	3,45806		2,0569	8,2661		0,1273	4,4888		-4245465266118999428
1	877	0,13666	3,66175		2,1397	8,3782		0,1673	4,4989		-6292206496012592155
0	844	0,11341	3,50186		2,2486	8,1244		0,1446	4,4721		8350217731634226410
0	905	0,15898	3,76111		2,5480	8,1682		0,1890	4,4779		2172961837928195409
3	853	0,12942	3,4905		2,7252	8,1816		0,1627	4,3992		-1077061371074771533
0	872	0,11999	3,54572		2,0897	8,2026		0,1475	4,3763		-7660306197711795383
1	834	0,11642	3,38117		4,2650	8,1776		0,1505	4,3728		-8744814290784531467
1	856	0,0892	3,47259		1,8363	8,2408		0,1118	4,3639		2622365324270846467
0	825	0,11992	3,45504		1,7322	8,0321		0,1556	4,5080		580223969086948980
1	890	0,15723	3,59392		2,0589	8,1608		0,1899	4,3533		-6349582720407811631
0	812	0,09755	3,39299		2,0563	8,1331		0,1292	4,5007		-265895859386747182
1	837	0,13321	3,48825		2,3428	8,1592		0,1714	4,4928		7162102631799672686
0	850	0,11145	3,56464		2,0045	8,1344		0,1406	4,5034		4200014921641876478
3	879	0,15451	3,65119		2,5940	8,2537		0,1885	4,4714		-7818648885281047141
0	862	0,14423	3,47808		1,8606	8,2129		0,1802	4,3503		5075496663387680746
0	844	0,13589	3,43732		2,7999	8,2599		0,1691	4,3688		-8747974191642455062
0	839	0,11785	3,46792		2,4826	8,0217		0,1513	4,4616		53952536406051968
0	858	0,13914	3,52618		3,0072	8,0819		0,1745	4,4236		7790223374843123416
1	895	0,14476	3,62111		2,4758	8,2814		0,1741	4,3667		-3507080121180001322
1	808	0,10989	3,31072		2,0439	8,2541		0,1459	4,4145		-7218921419187213023
2	864	0,118	3,47061		2,5825	8,1255		0,1468	4,3300		5942395387036710815
0	863	0,14362	3,54729		2,1223	8,2055		0,1791	4,4354		-5671948532165263792
0	834	0,12811	3,3786		2,3230	8,1560		0,1655	4,3663		-5007243378769470492
3	894	0,14743	3,57447		2,2671	8,0893		0,1775	4,3062		4462896602402989717
0	833	0,13151	3,30633		2,3615	8,0552		0,1698	4,2807		4224127012354494708
0	886	0,17658	3,62631		2,8779	8,0245		0,2145	4,4113		-5903742011863002150
0	860	0,13937	3,55048		1,9884	8,1742		0,1746	4,4505		9059178815808163993
0	885	0,15662	3,57052		1,9838	8,2583		0,1902	4,3442		1446233801475842071
3	870	0,15553	3,63799		2,3837	8,2415		0,1928	4,5160		-1660473168858994036
4	913	0,18217	3,80989		2,5880	8,2855		0,2140	4,4867		1093311686614498533
0	871	0,13077	3,60332		1,6143	8,0787		0,1608	4,4412		5840236342077484074
0	869	0,13833	3,58613		3,2583	8,0613		0,1709	4,4312		-4386965932405685167
0	827	0,09843	3,42321		1,9133	8,2692		0,1279	4,4556		5923075934910582630
1	934	0,16736	3,8505		2,4166	8,0668		0,1929	4,4388		-8518130230891953421
2	859	0,14097	3,55359		3,1695	8,1658		0,1766	4,4595		-792841067260205823
0	878	0,13034	3,49253		1,8428	8,2280		0,1601	4,2911		-8518264905312317634
0	860	0,12515	3,49007		1,6576	8,2659		0,1564	4,3638		-5013559476056084999
0	447	0,10196	3,061		1,6968	7,9338		0,1416	4,2533		-1491141369005342184
0	839	0,12341	3,41349		2,0334	8,1903		0,1577	4,3923		1120382239786783403
0	860	0,12191	3,52376		1,9036	8,3148		0,1518	4,4010		-1119174313712195713
1	839	0,12211	3,54805		2,8421	8,2775		0,1564	4,5587		-6799065283291730893
2	917	0,14794	3,82498		2,2593	8,2320		0,1740	4,5047		-6278710984146422079
0	878	0,15775	3,59836		2,1616	8,2167		0,1940	4,4262		-3571561668526050725
2	885	0,15417	3,65927		2,6826	8,1448		0,1866	4,4499		-3410357874177048603
0	846	0,12799	3,56545		2,4571	8,1908		0,1628	4,5379		5070930885711889127
0	887	0,12699	3,51892		2,2173	8,0704		0,1537	4,2661		-8182451099383284621
3	905	0,14077	3,75032		2,5583	8,1026		0,1672	4,4634		5278145118782866648
0	852	0,14134	3,45628		2,0769	8,2776		0,1787	4,3758		-9189357027802884580
0	874	0,13235	3,5584		2,6977	8,2538		0,1626	4,3812		-2440228967130022763
0	887	0,14185	3,68904		3,6143	8,1099		0,1721	4,4867		-5969081211728644082
0	813	0,12925	3,37532		3,3876	8,1399		0,1710	4,4740		-8498083634286284953
0	913	0,14825	3,69104		2,0465	8,1800		0,1747	4,3570		5513751220673814922
0	815	0,10311	3,20731		1,6946	8,0458		0,1363	4,2420		821979383323658794
0	850	0,12396	3,54402		1,7411	8,1152		0,1567	4,4950		-8247450436879626829
0	858	0,14844	3,51689		2,2147	8,0869		0,1864	4,4202		-5124443671459823807
0	819	0,10508	3,31779		1,7163	8,3184		0,1378	4,3634		-7750545854052481881
1	855	0,13508	3,56814		4,4402	8,0435		0,1698	4,4966		7472694381565480906
1	824	0,13242	3,31203		3,2312	8,2341		0,1725	4,3303		687617379120982483
1	854	0,13351	3,4681		2,0099	8,1231		0,1684	4,3840		-2268469495415933934
3	822	0,12571	3,26224		2,3738	8,0807		0,1647	4,2798		1976601920920361858
2	873	0,14011	3,59168		2,5506	8,1582		0,1723	4,4284		-6398275435197819061
0	825	0,1069	3,46437		1,4510	8,1192		0,1394	4,5260		-2105561573317412937
1	847	0,11324	3,41995		2,3548	8,1714		0,1433	4,3417		3029767335784815228
0	833	0,08909	3,39617		1,3930	8,1128		0,1144	4,3816		-7309544770278680003
0	919	0,16506	3,78986		3,0624	8,1503		0,1925	4,4411		-3322625961224498504
1	858	0,12872	3,45544		3,2188	8,2161		0,1610	4,3363		3843872230893971452
3	849	0,14353	3,54918		2,6130	8,2154		0,1808	4,4923		3081641521108874898
0	863	0,09751	3,55943		1,2899	8,1503		0,1209	4,4274		-69317064703427699
0	850	0,13203	3,58493		1,6487	8,1749		0,1671	4,5441		-4954951640941564209
0	905	0,16555	3,82294		2,0658	8,2909		0,1956	4,5400		6020011815814629135
1	898	0,15372	3,67259		2,9509	8,2114		0,1838	4,4028		-5990845037004194211
3	885	0,16041	3,65557		3,9343	8,1185		0,1950	4,4460		358507427587735355
6	878	0,16617	3,46673		2,8305	8,1226		0,2032	4,2560		3591060297589208452
0	905	0,12419	3,71165		1,6894	8,1146		0,1470	4,4060		88344904554668981
0	847	0,11788	3,47788		2,3843	8,1744		0,1492	4,4139		8013057130482984026
2	840	0,16525	3,51994		3,5277	8,2639		0,2117	4,5102		-5954305271242999643
0	852	0,10074	3,56115		1,9511	8,2576		0,1276	4,5141		8679456437888712828
0	827	0,10259	3,51682		1,8867	8,1237		0,1312	4,5864		8615036706056603014
0	883	0,18007	3,62572		2,7076	8,0950		0,2195	4,4255		-5402993069302664710
0	855	0,13295	3,38771		1,8370	8,0674		0,1671	4,2688		7229570524410768701
2	884	0,14201	3,60003		1,8024	8,0794		0,1729	4,3860		8817899481392757651
0	856	0,11825	3,51128		2,1550	8,1655		0,1485	4,4154		1470257865407968109
0	797	0,09885	3,2259		1,8566	8,1311		0,1336	4,3681		2472892388169200161
1	842	0,13492	3,4602		2,2793	8,3311		0,1720	4,4224		-8442539273956556023
1	831	0,14458	3,51431		4,1662	8,1799		0,1865	4,5406		-3089526407046121642
2	866	0,12238	3,52212		2,4054	8,1502		0,1522	4,3864		1922120268449286698
2	862	0,16635	3,53816		3,2553	8,1835		0,2081	4,4304		5644642698790022056
0	859	0,14617	3,49934		2,8022	8,0073		0,1825	4,3829		9040213636037607202
3	868	0,1193	3,49659		2,1183	8,2175		0,1464	4,3183		4744906177000442762
0	836	0,11247	3,43584		1,9175	8,1689		0,1442	4,4138		8306959037896614608
0	870	0,12838	3,5775		2,0875	8,1646		0,1586	4,4276		-6241782538848932900
1	828	0,14269	3,41474		3,1639	8,1822		0,1847	4,4330		2297538280711525429
0	879	0,12068	3,42681		3,5678	8,2017		0,1474	4,1926		2373545789866068387
1	844	0,13388	3,42183		2,2501	8,0465		0,1705	4,3660		-1110579192651904697
0	912	0,15434	3,71729		3,5109	8,1026		0,1815	4,3810		-3472077875361570564
2	827	0,12872	3,41771		2,8001	8,1338		0,1668	4,4436		7725206076942795013
1	825	0,10741	3,38111		2,0456	8,1972		0,1400	4,4168		-1532227545336545459
3	851	0,18979	3,43629		2,5221	7,9996		0,2388	4,3399		3492796833667400395
0	865	0,11017	3,54708		2,2471	8,1814		0,1372	4,4231		2891662698221536446
1	852	0,14011	3,57185		2,0514	8,1613		0,1769	4,5079		8881095564828196582
0	843	0,11465	3,47799		2,9959	8,2144		0,1458	4,4354		1178775173743675623
1	846	0,14011	3,51089		2,9643	8,2763		0,1770	4,4696		-2636288475527011221
5	884	0,18517	3,58724		2,9089	8,2844		0,2244	4,3616		-5315124674154866998
2	842	0,11684	3,47113		2,2076	8,2968		0,1489	4,4345		2119853520332079172
0	863	0,13591	3,4937		2,4763	8,2740		0,1698	4,3712		7494029221828932611
1	845	0,14329	3,52347		4,0684	8,0429		0,1820	4,4897		-6254363611758642805
1	851	0,10799	3,50451		1,8639	8,0684		0,1362	4,4386		7099069208767113022
0	846	0,14352	3,66484		2,0704	8,2836		0,1825	4,6697		-1017461138919686374
1	842	0,10599	3,52988		2,3432	8,2562		0,1354	4,5169		-7476296226354023960
1	824	0,10934	3,35558		2,3412	8,3038		0,1422	4,3828		5056947048186477154
4	909	0,18499	3,67931		3,6617	8,1020		0,2190	4,3633		-8124031903950966488
2	876	0,13874	3,60214		1,8447	8,2116		0,1702	4,4292		-4177825324029174916
0	852	0,14166	3,44244		2,6291	8,1704		0,1791	4,3628		1602296297326860816
9	842	0,1952	3,56132		3,5609	8,1682		0,2491	4,5546		-1288174746252733827
0	878	0,14946	3,56536		3,1055	8,2793		0,1828	4,3821		-4941599920687545073
0	894	0,13031	3,59605		2,1642	7,9872		0,1572	4,3429		-1333891964284843507
2	864	0,16128	3,53509		3,1428	8,3312		0,2004	4,3970		3657564506193902762
2	905	0,1405	3,72466		3,3357	8,1790		0,1669	4,4369		6066239935122372410
3	846	0,15595	3,50432		2,8769	8,1085		0,1972	4,4507		2162757381944165227
0	854	0,12407	3,47746		2,3678	8,0120		0,1563	4,3816		381467371935421065
0	798	0,10685	3,26285		1,8268	8,0099		0,1437	4,4025		7102460972946228505
1	869	0,1422	3,54976		3,3769	8,1402		0,1759	4,3923		4142567123792252494
2	859	0,14844	3,58903		3,4611	8,2026		0,1846	4,4941		-7393836116989008088
0	867	0,13133	3,55006		1,7698	8,3643		0,1630	4,4180		-4989888110634672579
3	822	0,13181	3,38653		3,5664	8,2365		0,1717	4,4340		7386753359836916851
0	846	0,12316	3,48186		1,8744	8,1346		0,1561	4,4221		-1853486786950880192
1	869	0,13177	3,54224		2,5075	7,9997		0,1633	4,3913		2469823187384115240
0	835	0,10109	3,45221		1,4208	8,3333		0,1302	4,4577		-1855244844254488950
1	862	0,15824	3,56058		2,0182	8,3134		0,1977	4,4536		4057500399963044866
0	865	0,15026	3,51797		2,6409	8,2042		0,1871	4,3899		-7799931303673957653
2	893	0,1369	3,64493		2,1570	8,1570		0,1651	4,4060		-5013735350825042498
3	868	0,1488	3,54594		2,6178	8,1510		0,1845	4,4045		-8636701574516337819
0	899	0,14362	3,62026		2,1800	8,1223		0,1721	4,3473		-6269364531372630073
1	860	0,11669	3,50201		1,7844	8,2595		0,1458	4,3844		-5260891909166467072
1	863	0,13392	3,66522		1,9727	8,2984		0,1666	4,5684		7715383302266136883
0	861	0,14768	3,59156		3,1219	8,2281		0,1850	4,5050		-275012087425721894
2	859	0,13272	3,64044		3,5666	8,2241		0,1660	4,5588		7955856209840310514
0	804	0,1128	3,36097		2,5357	8,3504		0,1511	4,5071		542814063456181121
0	850	0,13309	3,38331		2,6739	8,2082		0,1674	4,2838		4592295378229096516
3	807	0,10753	3,30276		1,9563	8,1530		0,1432	4,4039		461683365240384133
0	799	0,1209	3,21895		3,9377	8,2428		0,1622	4,3329		-773373763300892565
4	834	0,14874	3,33283		3,5996	8,2846		0,1919	4,3093		1051776607812789831
0	839	0,14302	3,50602		4,5557	8,1472		0,1836	4,5031		2152104968309448610
0	839	0,12965	3,46506		3,0390	8,0987		0,1661	4,4487		3625162901416599575
1	880	0,14608	3,62244		2,3452	8,1713		0,1778	4,4295		-5934807167740753587
2	830	0,13096	3,41004		2,4731	8,1619		0,1693	4,4244		430310351811840126
0	889	0,14555	3,65145		1,7249	8,2052		0,1745	4,4110		8831096861631425905
0	818	0,10019	3,33716		2,3378	8,0043		0,1313	4,3931		6606775103095774679
1	853	0,11376	3,43921		2,5738	8,1316		0,1430	4,3357		-5771105126282611867
2	886	0,16542	3,56834		4,9903	8,0694		0,2007	4,3382		-3456081234029318108
3	867	0,11277	3,48537		3,1110	8,0935		0,1399	4,3306		6573636013608448969
0	863	0,11599	3,53498		1,5470	8,1194		0,1444	4,4177		2205611866173640222
4	846	0,15206	3,43551		2,2690	8,1639		0,1929	4,3854		-8607156254529684041
3	866	0,14163	3,55267		3,1353	8,2998		0,1756	4,4136		-2558111150900285555
0	920	0,1517	3,65795		2,6160	8,2748		0,1776	4,2909		-4398493588419151048
0	914	0,18112	3,80697		2,4918	8,1513		0,2137	4,4946		6504796701795283162
2	837	0,12923	3,58352		2,3285	8,2726		0,1659	4,6046		-5674674268689159943
2	854	0,15679	3,63365		2,8672	8,2007		0,1966	4,5733		-2323901844117949470
0	837	0,14986	3,41535		2,5745	8,1545		0,1931	4,3996		-6195002329192999618
3	876	0,13603	3,67994		3,6917	8,2204		0,1669	4,5282		-1674054873341674996
1	850	0,15105	3,46698		2,8417	8,1478		0,1914	4,4003		-4739595067202774505
4	865	0,15504	3,52287		3,5620	8,1391		0,1931	4,3932		6699324845610060701
1	895	0,12887	3,72568		2,8988	8,3739		0,1546	4,4816		-2186557029661948208
2	875	0,14202	3,58872		2,5477	8,2251		0,1744	4,4146		3170518402127364170
3	904	0,17744	3,68903		3,7589	8,1309		0,2115	4,3996		-8154192430487458643
6	850	0,14596	3,42356		3,5383	8,1950		0,1845	4,3347		2693394855218314510
0	881	0,15106	3,63129		4,0341	8,2096		0,1841	4,4364		-3304034279418428714
0	888	0,14406	3,66807		2,7190	8,3197		0,1740	4,4413		1604829698581314365
1	925	0,17721	3,83606		3,0328	7,9968		0,2051	4,4583		-2252336199285385840
0	828	0,12198	3,40783		2,0678	8,2531		0,1583	4,4304		1816583109177044185
0	844	0,1222	3,52295		2,1953	8,2667		0,1560	4,5057		-3036535875546434386
0	854	0,12192	3,48441		1,8209	8,0958		0,1532	4,3950		-2068302953810406876
0	853	0,15601	3,48917		3,9154	8,1312		0,1967	4,4104		9022881921744737606
1	848	0,13623	3,47411		2,5950	7,9944		0,1724	4,4078		-6241278127700847498
0	866	0,12558	3,54351		1,8714	8,1957		0,1558	4,4112		1131745784214133414
0	887	0,12526	3,64934		2,0428	8,2060		0,1520	4,4374		-3700791548356199856
5	902	0,17706	3,63981		2,9888	8,2436		0,2117	4,3574		-2849120373694629240
0	890	0,16219	3,71273		2,8885	8,2675		0,1959	4,4943		-3248085718423631696
1	853	0,11395	3,44056		2,3516	8,1329		0,1432	4,3428		9962704189681797
1	851	0,13017	3,46341		2,1029	8,1302		0,1634	4,3617		-6711683512577858138
0	827	0,11709	3,42554		2,2954	8,2350		0,1523	4,4641		7128401203688699079
0	902	0,16056	3,63876		2,7931	8,1739		0,1916	4,3517		-8103523306124013529
0	799	0,10893	3,25447		1,9652	8,0554		0,1463	4,3847		-4049814549065061885
1	860	0,15437	3,51873		3,2542	8,0951		0,1927	4,3989		6543461880396202272
2	876	0,16528	3,5456		3,0238	8,1572		0,2023	4,3595		-213929376602081627
0	854	0,11886	3,42878		2,3184	8,2192		0,1497	4,3271		74099731215190478
0	845	0,14416	3,52499		2,1906	8,0241		0,1831	4,4939		-339697884750250676
0	859	0,16815	3,45522		2,5657	8,1899		0,2104	4,3400		5545765079473718092
0	820	0,11016	3,39232		1,4022	8,1306		0,1445	4,4530		-735912053234603912
1	829	0,1186	3,40521		2,5178	8,1069		0,1543	4,4362		-1202111061652577427
0	872	0,12414	3,57491		2,0001	8,2874		0,1532	4,4137		2864130064642358657
1	892	0,15824	3,56053		3,2303	8,1571		0,1905	4,2948		1919074611431803595
0	855	0,12743	3,55773		2,2893	8,1857		0,1607	4,4892		-4813839741946647862
2	833	0,11941	3,39606		2,3161	8,1378		0,1538	4,3916		-8405301953329471456
1	873	0,12335	3,72327		2,1258	8,1607		0,1520	4,5963		-6037522510522284746
0	855	0,13307	3,51915		2,2885	8,1448		0,1675	4,4359		-1480947995901686573
1	844	0,11829	3,44988		1,8379	8,1718		0,1510	4,4051		-327446593096619813
0	863	0,13906	3,5078		2,0515	8,2259		0,1736	4,3807		-3807495666969153834
0	896	0,12948	3,6209		2,2578	8,1802		0,1553	4,3476		6332934966044045557
0	894	0,12716	3,62473		2,1977	8,2126		0,1529	4,3686		-320390833433881682
0	838	0,11164	3,41442		1,7811	8,1670		0,1430	4,3859		1032986107694218013
1	889	0,15235	3,67686		3,5294	8,1477		0,1844	4,4621		2142856118949990610
1	886	0,13718	3,63175		2,9478	8,0589		0,1668	4,4229		5897902699388512698
0	856	0,11959	3,58536		3,2187	8,2182		0,1500	4,5136		4704987579609009465
1	848	0,15917	3,46838		2,6252	8,1449		0,2027	4,4172		449342214741531063
3	881	0,13699	3,46779		4,1371	8,2258		0,1675	4,2464		-6365509466300149714
0	877	0,11961	3,59438		1,9200	8,1987		0,1471	4,4263		3086738661858967414
0	879	0,14067	3,63138		2,2802	8,2211		0,1718	4,4508		5144456551992125798
1	825	0,12017	3,33932		2,1634	8,1365		0,1567	4,3543		2075699403305099012
2	916	0,16428	3,66338		2,2364	8,1028		0,1932	4,3175		-5510691862540073389
0	908	0,14472	3,68507		1,9121	8,2767		0,1719	4,3831		-7056622782798670963
1	844	0,1273	3,46882		2,7627	8,1745		0,1625	4,4292		3954663970082801850
2	865	0,10551	3,52292		2,9001	8,2222		0,1311	4,3804		5127559029399951889
0	827	0,09763	3,39736		1,3473	8,1519		0,1270	4,4273		-8963071994300059005
0	828	0,09691	3,40491		1,9473	8,2444		0,1259	4,4245		8237161374694183767
0	863	0,12676	3,54147		2,0342	8,2736		0,1582	4,4300		8235585762647096015
0	892	0,12456	3,70965		2,3339	8,3193		0,1501	4,4799		-719605059937947358
1	832	0,12883	3,40506		3,3229	8,2588		0,1666	4,4158		4354379033762570320
4	900	0,18678	3,6801		3,3743	8,1473		0,2229	4,3962		2350574493783982754
1	822	0,1142	3,35368		2,5896	8,2861		0,1493	4,4009		1287230053331569876
0	857	0,11856	3,57729		2,0930	8,1879		0,1483	4,4887		5644366587777012781
0	848	0,10943	3,48508		1,7147	8,1407		0,1385	4,4233		3600095915962375713
0	875	0,12774	3,61342		1,9982	8,1826		0,1569	4,4433		7093732465884468782
0	890	0,14097	3,64378		3,0249	8,1426		0,1693	4,4149		488783042370938888
5	872	0,16917	3,60728		3,1254	8,2384		0,2083	4,4494		2685871556298162013
3	800	0,12488	3,28911		2,7140	8,1417		0,1675	4,4106		8922314662921241524
0	927	0,1856	3,91904		2,8931	8,1381		0,2155	4,5632		-8280868017790804432
0	870	0,13522	3,53259		2,6021	8,2486		0,1672	4,3772		-6218866577892835262
0	833	0,12244	3,37234		2,1722	8,1825		0,1583	4,3698		-3275484675607900784
0	886	0,14174	3,62458		2,6884	8,2493		0,1713	4,4055		6243544293535729814
0	867	0,12351	3,52494		2,5611	8,1138		0,1538	4,3909		-6009011480772165424
0	852	0,13732	3,44		3,6648	8,3079		0,1734	4,3562		-70697951604944276
0	827	0,1049	3,35733		1,5787	8,1018		0,1362	4,3788		8966294138004216538
0	830	0,11054	3,41199		2,1744	8,1418		0,1427	4,4165		-8979872575633544531
1	892	0,14245	3,71823		2,9311	8,3477		0,1717	4,4919		-6570294222309407573
0	857	0,11212	3,57067		2,1853	8,3113		0,1411	4,4932		706034231389565699
0	862	0,11299	3,567		3,0435	8,1273		0,1409	4,4658		-2799457652297926912
1	877	0,1342	3,58824		3,4015	8,2534		0,1645	4,3927		-8695177345494047569
0	899	0,1636	3,74007		2,5514	8,1880		0,1960	4,4858		4235197085150817105
1	822	0,09639	3,42389		2,4682	8,0786		0,1258	4,4815		2026555565730327705
0	869	0,11921	3,56463		2,0987	8,2546		0,1478	4,4248		-9133529780641159170
1	870	0,11441	3,64433		4,0945	8,3013		0,1405	4,5042		7648044913431688360
1	860	0,16286	3,60011		3,2218	8,2617		0,2038	4,5114		-3603790235066786872
4	831	0,129	3,38776		2,3602	8,1318		0,1670	4,3893		3628888400415469140
1	805	0,10899	3,22427		2,4072	8,3291		0,1452	4,3204		-2939268741592318846
0	882	0,13992	3,58076		2,5935	8,2001		0,1699	4,3538		5838028224718008952
0	850	0,12205	3,55413		2,2088	8,2788		0,1548	4,5154		-5448885091020333817
1	858	0,16525	3,59332		2,6022	8,2771		0,2072	4,5107		915094583031630444
3	847	0,15944	3,55959		2,5164	8,2011		0,2021	4,5219		4074116284948852334
1	877	0,13918	3,52452		3,0452	8,0853		0,1702	4,3182		2373359340277266003
0	823	0,11384	3,31886		2,1266	8,2418		0,1492	4,3534		-6880698631605870468
2	868	0,18044	3,57206		3,8367	8,1229		0,2227	4,4183		-1672478957747288912
0	815	0,11024	3,27039		2,6837	8,1144		0,1457	4,3233		-6564716722713586343
0	844	0,11758	3,53738		2,1926	8,1370		0,1495	4,5129		2563534705664692031
0	877	0,12908	3,46432		2,1498	8,1048		0,1587	4,2646		3869941603987086471
0	863	0,13924	3,51436		1,7130	8,1338		0,1734	4,3894		8319877380150030594
0	850	0,0988	3,52552		1,3395	8,1601		0,1248	4,4707		5196341118442154255
3	907	0,19299	3,76653		2,5747	8,2437		0,2290	4,4748		-8845123294462228071
0	884	0,16611	3,61294		2,6874	8,1389		0,2017	4,3993		-1001180490664937732
0	852	0,11575	3,43225		1,8659	8,1868		0,1460	4,3375		-3978184366474698282
1	877	0,12941	3,56653		1,6481	8,2290		0,1590	4,3871		6641675175615321101
1	820	0,11469	3,3236		1,5637	8,1983		0,1499	4,3642		7214735146118595984
3	857	0,15873	3,54794		3,4277	8,1052		0,1967	4,4459		-2106352167896186971
1	832	0,1346	3,54954		3,1099	8,2540		0,1736	4,5960		2235517602027628215
0	851	0,14239	3,45952		1,7703	8,1920		0,1773	4,3451		-6309816551501785594
0	837	0,12778	3,54348		2,3997	8,2013		0,1642	4,5629		1398253909668617641
0	857	0,12312	3,58523		2,2439	8,2022		0,1542	4,5014		3048518944071727806
1	906	0,15217	3,66344		2,7518	8,2806		0,1811	4,3670		511771008806902467
0	859	0,16057	3,54616		2,3870	8,1163		0,2007	4,4369		8915353483483936352
1	844	0,11563	3,48818		3,2561	8,3214		0,1470	4,4463		2834674104781086009
0	918	0,15932	3,82095		3,0231	8,1519		0,1862	4,4760		4520907702597532535
4	843	0,14493	3,41175		3,7352	8,2909		0,1854	4,3696		275303048672117546
2	842	0,15749	3,39157		3,4880	8,2908		0,2010	4,3363		6850826830518634168
0	862	0,11101	3,54354		1,9665	8,0931		0,1386	4,4343		-2795574681316587794
3	818	0,12148	3,41026		4,2612	8,2329		0,1594	4,4934		-1764428085578707338
0	829	0,10088	3,34084		1,9560	8,1942		0,1305	4,3447		-7576635462895223374
0	847	0,10883	3,41665		1,7719	8,1193		0,1374	4,3257		-1788494178049903270
6	839	0,1669	3,47675		3,6714	8,2108		0,2133	4,4628		6098286686956432199
0	880	0,11456	3,63189		1,6642	8,0915		0,1393	4,4316		8133418608660132946
0	821	0,10355	3,38334		1,5942	8,1425		0,1360	4,4472		-3951138646001549514
0	867	0,12097	3,55141		2,5627	8,2638		0,1499	4,4218		-365109214486220855
1	887	0,1373	3,75266		2,9864	8,1857		0,1662	4,5606		-8508481861893877993
0	881	0,1454	3,72357		2,5212	8,1366		0,1778	4,5597		4471321085446401049
2	840	0,12588	3,47966		3,6246	8,2189		0,1606	4,4504		-6731666235741691358
